63279	2.9517032006676303
34033	2.897407524847874
36308	2.8608702735969285
35105	2.7608481215852576
41275	2.556886863170713
65019	2.255316178937216
63307	1.7451683233512736
62314	1.664583859923857
82059	1.5043757733088923
63311	1.295361914801813
13902	1.2042494649950404
51080	0.9511852853333308
51082	0.9511852853333308
68177	0.8657138113747669
67199	0.7506629436807848
65942	0.7257698066603211
51488	0.6844358940545009
64393	0.6051105426753186
26074	0.6029904532574264
62324	0.16813922285003013
13151	0.0008873370441513373
28125	0.0
38614	0.0
52752	0.0
71547	0.0
82567	0.0
