66879	3.838180924573703
61252	3.0487712051086713
65604	2.960725998077174
85322	2.927100363409239
39136	2.7450805329745114
27297	2.688769019895549
53354	2.209688393291051
77179	2.0611787560563624
49235	2.049997150348333
46874	2.021827996719659
30868	1.8218562780350203
33539	1.807216622937509
13233	1.6255240176536239
22546	1.371159091201434
81418	1.3224397099979
80039	1.2902731358736945
80107	1.245169731425617
78455	1.1830365731153756
4650	1.1816707190240874
82828	1.0812120410509707
74200	1.0717652692837918
78483	0.986035097174386
55560	0.9781229926119113
21644	0.9213683324344092
85108	0.8811950305205496
81237	0.8140505700950496
78456	0.7888778527061152
81444	0.7842249127900703
62388	0.783025612341114
11889	0.6792049939596172
52319	0.3955078088212597
5951	0.33482333920233565
49674	0.3178885511656663
56624	0.26309149863035564
50142	0.20172937822399462
48265	0.2008697481978985
11151	0
15646	0
15811	0
21408	0
23165	0
24560	0
28529	0
30000	0
3401	0
47449	0
51789	0
54780	0
63616	0
74640	0
