25903	4.824327109326967
61165	2.379948939610956
66895	2.219019493689916
66880	2.2176304523518184
31619	2.1615656570064212
58009	1.9862662822900836
51453	1.7949644176231383
83678	1.6261226234845092
84829	1.5352675843336463
37202	1.136732877201848
24044	1.0561538658011618
52489	0.994748777737168
51260	0.992894876004789
68709	0.966516249378921
55609	0.7849368716389721
52661	0.6531634417171037
85663	0.6344440233164037
85344	0.425010409357252
75205	0.3231661908189012
60293	0.21536631974473464
8622	0.0015931910639657154
41074	0
43605	0
46152	0
46157	0
46161	0
58199	0
60154	0
60224	0
61161	0
75183	0
85759	0
9133	0.0
