77381	3.79334843709929
82519	2.880908512403738
77907	2.8558432328358587
80922	2.016634813501083
69164	1.9456490783633855
76899	1.8719000597447453
82085	1.8525968840947318
82106	1.6464052858770255
25833	1.5214663512121875
79949	1.5118100574810907
9011	1.4953252551317036
7970	1.4572210546824087
27974	1.342012879474953
74777	1.2029637916985174
22472	0.8001315069403281
71111	0.5470146958269191
63141	0.408318634905902
18877	0.32689497611358365
22987	0.3259867242697858
69142	0.3051114231490313
26276	0.2947632496851681
73371	0.2625278131868739
27960	0
28549	0
34010	0
36858	0
38588	0
39122	0
39620	0
40800	0
48375	0
57024	0
68664	0
71913	0
74778	0
86448	0
