86541	4.435354703344882
36588	3.726367086841143
5316	3.304621308169441
17030	2.859289127837069
17217	2.859289127837069
36580	2.635086433372651
40234	2.5138613333748583
13685	2.465948602874501
13690	2.0779230284446473
25500	2.070251700694864
79404	1.7444858987491907
7722	1.6476241993691418
2323	1.592966951081995
4053	1.592966951081995
2451	1.5742203899341098
24251	1.3058293232342302
75767	1.2951176488374732
76103	1.2891939891092854
86209	1.284618066761165
25467	1.0543473912991235
37816	0.9670119589533772
86042	0.9059482427237358
86961	0.9059482427237358
86259	0.9031209934922363
31267	0.8944234159336009
31268	0.8944234159336009
32579	0.8944234159336009
43262	0.7964476601323266
37815	0.7752043212626998
18364	0.7238145057132994
43200	0.6331712604125368
35766	0.5768809632087865
81997	0.5587350390165167
43868	0.5253573305332981
80504	0.5017858429003659
82337	0.5017858429003659
78846	0.45469208129795613
12556	0.45433615472411826
12557	0.45433615472411826
24446	0.4489542439947358
24826	0.4489542439947358
86255	0.43370208290584156
38629	0.43333756584837124
47712	0.3939132769440936
47661	0.37374360604762413
13607	0.2959446378375553
33766	0.26850707000521423
33767	0.26850707000521423
35652	0.26850707000521423
86276	0.21893294954132358
86289	0.20548939193879356
38143	0.13277669136497783
56691	0.09921264570542188
67983	0.07750355542697929
65408	0.07218230715034657
43994	0.04698934585667969
85209	0.043141518703917914
85642	0.043141518703917914
84403	0.04219488283081507
38335	0.03386197250334999
30405	0.02302329681177895
35765	0.021837508347473
18151	0.01791585489799008
67741	0.01760032478140383
12293	0
23253	0
43612	0.0
69316	0
