14314	4.570225534356681
54533	3.4893394752976032
81463	3.2676958770583466
27426	3.2367949906083924
27106	3.1137687580958056
59459	2.8206742490549734
83370	2.622425264273093
20159	2.01699583660008
80988	1.4052056878367924
9272	1.3979713044517827
68724	1.3929680198210277
63966	1.3834246274134754
46874	1.357393912258598
46863	1.325291062823379
29311	1.2995942713598683
83883	1.2713110876792355
46864	1.2601270388548012
46865	1.2601270388548012
54540	1.1981746021901043
26642	1.1709798273295584
22021	1.1564728887788953
27537	1.1406907933908754
72569	1.136267810883383
26644	1.0764124013428535
31472	1.0511363263288347
61141	0.9308314100958376
26385	0.9066636310109054
42847	0.9022333927869066
14069	0.8255692033211877
26432	0.7909956897801083
2738	0.7409496970735817
79396	0.7230632353133313
26386	0.7106375420233926
39658	0.33940111318547816
29339	0.33623309872477225
19146	0.3360458265365108
37101	0.33549102786236296
43566	0.33521750860268174
49104	0.33476726732594464
24107	0.33423605913331056
70200	0.32941470810390017
31553	0.328828245732944
21894	0.30376898815905384
21897	0.30353912081760026
9117	0.22377418824031703
84873	0.1796251173945379
6062	0.17424334340905223
66866	0.17223812014832873
75108	0.16799900189055073
16391	0.1425503331965563
72468	0.10284476000847864
71622	0.030602290937342236
78586	0.02938424114227789
53387	0.027741304024522573
34793	0.021381019402154755
59022	0.01858849194040113
55692	0.01785422105823431
54609	0.016798548436126715
77171	0.016497809304241495
78569	0.014372998256300451
85889	0.00712819000721332
56704	0.006406892422936239
82912	0.004588870504829479
26258	0.0
