73731	3.605537137619679
49023	3.593508725234451
51441	3.4352310119712457
7914	3.3568871844670656
16841	2.1637976171900197
16723	1.3798367819702801
55891	1.2359225317431384
35782	1.1880706881418712
68829	1.1109241067472069
2800	0.9513464088782395
76556	0.6918358887880094
6409	0.6431903968605198
6386	0.5991592454574097
67135	0.5964333542729836
41521	0.5392943066772656
61644	0.45865374953939736
8085	0.4518971401337235
64336	0.44527613201220234
46632	0.39388322023184585
59301	0.39388322023184585
44597	0.37422578673166434
86068	0.273593235189321
53364	0.17554752214480696
32963	0.17192482740798232
31281	0.17165973864940887
75558	0.17126850565300689
67169	0.16141774275474996
32528	0.1408521864406329
3648	0.12914858174343824
56686	0.12676407044976956
47424	0.12668076301579545
19526	0.12361867857164177
50516	0.12148543134473178
53259	0.11666547833460528
41355	0.11530217368910478
76481	0.10805578358378587
70854	0.09189645634337507
6399	0.07264628703048215
49731	0.06207106320238065
55974	0.06207106320238065
61487	0.04114128773122949
70619	0.020137276586761566
25029	0
70606	0.0
