82540	5.4326805194392715
30182	4.13973247239357
57866	4.109701967948105
67787	4.082286328800297
67793	4.015291586253355
20892	3.6843437498179337
60709	3.552197272669092
66012	3.552197272669092
67968	3.5258439483893733
64742	3.38806264265839
77971	3.0753040430154828
67551	2.8870323767989783
67894	2.8747371428325685
68024	2.8660148045602947
59417	2.7213513823452695
59577	2.7213513823452695
20837	2.5816897251771627
22446	2.5816897251771627
65544	2.45111660089164
66119	2.45111660089164
54315	2.428088213353276
54749	2.420471611473388
56244	2.3979313408530563
53572	2.3072882187358372
20823	2.1889222558355717
22692	2.1889222558355717
5014	2.1843923090402244
69426	2.1457838520229764
68513	2.127053425292162
69536	2.1227503161183314
77921	2.0895354211915915
65477	2.073224512770131
56150	2.059139556461475
56252	2.059139556461475
7576	2.0480163549573023
56253	2.0440754931569978
21089	1.9786141832331376
40341	1.9696536912213782
47663	1.9673510027098318
20785	1.9538588845574132
46942	1.8877439454174587
47257	1.8877439454174587
22894	1.867467697291919
21088	1.821445085595284
18110	1.8049547164534285
62056	1.767047323878314
62544	1.767047323878314
18216	1.757626500576875
22407	1.5920653146408537
48268	1.5775925493506604
74775	1.5660569012167407
49889	1.565997727640376
47003	1.5549898846499555
47078	1.5475127811801788
10228	1.5440596348730684
2552	1.5257834368897107
58787	1.517196182282481
58956	1.517196182282481
48181	1.4685669070254699
50413	1.4685669070254699
73012	1.4091848111660186
50408	1.376041168256492
48174	1.3723661864151826
44872	1.341192547066952
67886	1.2846313055886331
37732	1.243591823552309
50366	1.234485961075026
59382	1.205065311397132
59561	1.205065311397132
56319	1.1963665253497133
62620	1.1798556380704461
4955	1.175111237431084
8466	1.175111237431084
4973	1.166785663701829
21110	1.111224451259362
35333	1.0484926222627944
50734	1.047788187858484
65378	0.9827748913331109
25174	0.9823957250813612
48342	0.9061187898161537
46725	0.8764977769287864
4976	0.8732849359698717
47714	0.8238205917829098
36618	0.7998962496211095
38479	0.7998962496211095
36554	0.769474886925251
20899	0.7409659271937095
56045	0.6901056708542688
56248	0.6901056708542688
47015	0.5770155392630352
37729	0.5405042011147874
75463	0.5049567347935855
56055	0.4748944052926287
60088	0.4748944052926287
60030	0.42625641267195036
56066	0.24046780159078063
56318	0.03802723714000855
49872	0.0
