22679	3.445942064202513
60110	2.970407251384373
20188	2.922054296238319
73431	2.623435540757998
79585	2.61431835842513
77250	2.5751949060867716
79559	2.5751949060867716
85143	2.4333270944913
74010	2.3539042494755025
76422	2.2262468953879275
68716	2.1570141575124397
79864	2.0256732398873947
70303	1.9626423078494981
75243	1.9469770026095314
3541	1.918146159701597
82679	1.9029276874463323
78749	1.8914937287974838
81084	1.5407714189492192
52741	1.5170723816431426
72816	1.5137195948290985
82616	1.4579931620198037
83284	1.3973388929146868
43329	1.2096800794243836
13248	1.0686661995993205
68718	1.0308891594478484
52940	0.9510156420909359
66894	0.86482530249074
53140	0.8507468546158259
49463	0.7536059798743674
24911	0.48560244681142284
82598	0.293747310011924
79369	0.2565108920204787
82279	0.24864890060979072
78863	0.23933584911211758
86514	0.20189278651278353
83291	0.12888731451939406
67922	0.12528232370243542
32034	0.031106141107130503
82609	0.02424777645667664
71542	0.014598005474791398
71543	0.013081649519711913
74017	0.00977681537153896
26903	0
49575	0
51927	0
71555	0.0
