7289	4.194903173584108
3885	3.8936493411111757
16992	3.164391187060747
37711	3.045176282041395
75621	2.6653769699985372
79669	2.6653769699985372
58913	2.4821724317750142
49980	2.379291504494311
3868	2.1586380912918783
14772	2.158429035113502
44187	1.8920957168788086
17004	1.817765961030711
11445	1.707583572260139
7320	1.6582957233448758
6604	1.5904156258113336
43938	1.554375152877986
50029	1.51285151288972
13294	1.4759729778059012
15074	1.4759729778059012
13309	1.4746551874159657
45221	1.3367447924590972
79604	1.2155779935308209
9819	1.17516755190515
15410	1.1670970654923398
9820	1.1574321640466745
15415	1.0852535579948022
14655	1.059992215646543
14556	0.8690756827987411
46229	0.8544905611778105
75560	0.8527023200315781
14439	0.8202476804228978
47899	0.7564931173254522
9384	0.7129783681238907
62800	0.6749281451110805
15288	0.669861428165646
46302	0.6595391266755155
29520	0.5824596521106704
34792	0.5589256415225121
14486	0.558129859002652
54296	0.5271914307875532
57102	0.5073661640816158
29645	0.4982273431112029
71726	0.49538518086227784
17857	0.3939478913332911
81408	0.3829282050454257
7730	0.2989344938421524
17787	0.27270847595298764
13518	0.26047166788374587
17782	0.25405985742071924
39215	0.23497393374816222
71564	0.22041225059388558
18345	0.2138701477682683
5140	0.21128906535948555
45050	0.20332173244185903
65688	0.2018003968805152
5108	0.1984429333154869
75389	0.19599249350462689
9993	0.1853109757887701
82630	0.17722172326983798
73898	0.17148432188199425
77009	0.1657220590466999
10675	0.14636452702331249
13221	0.1438528215041045
80049	0.1378769759321613
42245	0.1280156888598547
23121	0.125615231745144
20858	0.11792849346578871
16632	0.1066502780462889
77066	0.10121413366325926
34744	0.09053443081484003
33391	0.08581814251474129
38684	0.08439250795407915
59764	0.0704415628153785
20412	0.034884411531139636
75327	0.016980495783431637
29535	0.011535353975013485
25392	0.00650022408242823
28141	0.0
31141	0
68028	0
73326	0
