18100	3.1652091690164315
18163	3.1652091690164315
18164	3.1652091690164315
19440	2.8265224824422304
18859	2.4996922223629916
45422	2.2475385853531358
46485	2.2266195413546397
46968	2.2266195413546397
52020	1.7952703097733722
28923	1.7227609877066195
18706	1.7134424698556034
75763	1.708820912283505
4157	1.590401810958368
13057	1.5461753587043547
22382	1.4811112875023014
18798	1.4002106094802635
47049	1.2236510926684874
66338	1.2236510926684874
10710	0.8126705564737403
7776	0.6294067350114663
57753	0.6056989207823014
46228	0.5680419693103302
8928	0.5533448937783683
27440	0.5215824027624352
23643	0.474821311659955
11807	0.46725426558563377
22660	0.45929132009786877
49617	0.30293682814965817
12851	0
18648	0
19990	0
30059	0
32520	0
37856	0
39303	0
39410	0
49650	0
50034	0
54232	0
54771	0
56209	0
61895	0
64858	0
65283	0
65899	0
6630	0
67401	0
68969	0
73312	0
77444	0
78879	0
9871	0
