18879	3.7572984309388247
38452	3.543238800737068
24474	2.906709305842109
37685	2.6088746332611548
5723	2.348346313334745
60810	2.1119037207066493
18405	2.034410513087609
26700	1.6048375951750573
28014	1.5741301992928187
25303	1.51748405829454
72354	0.9083187273373505
78708	0.8640373957102553
20834	0.8525887206174416
28789	0.8522442703062352
38330	0.8509882270518474
58581	0.8446380434304123
21110	0.8332468065930426
34622	0.8327383500024597
34534	0.8247567051163509
58634	0.6394286548981897
16921	0.1551701551720599
39347	0
55340	0.0
57956	0.0
84591	0
