33769	3.994189212809002
11852	3.8082732229307092
23698	3.8006904910945067
15583	3.1569044939063526
16678	3.1569044939063526
72032	3.1103743500405194
76550	3.1103743500405194
11744	3.0379433138873395
81564	3.0143091042052177
85188	2.859791565185538
29116	2.6446362543479056
12097	2.4470577412243006
15211	2.4470577412243006
64896	2.2115365044321793
11690	2.177310946695742
21077	2.1457637427713254
72134	2.1409300224156143
3666	2.092323808062946
8872	2.0074478750880393
41351	1.9946764280922715
21265	1.8453280249005612
63379	1.832199348193666
74605	1.714445415744089
60421	1.649471544475567
13519	1.5743233481486454
15334	1.5743233481486454
77687	1.4960664282541896
43129	1.4953757164870278
75564	1.4475886509405438
13600	1.3800404172429699
8511	1.3781346586120882
8828	1.3781346586120882
5175	1.2683475583728847
21673	1.2071729123337556
5185	1.1797782687704577
5189	1.1797782687704577
20778	1.1626181308071424
62309	1.0847454635363727
2510	0.9123687717383925
2511	0.9123687717383925
2977	0.8656897077812489
77430	0.718952460255686
77431	0.718952460255686
78628	0.7040093038852593
7041	0.4644344250422978
28717	0.36199944532267914
37657	0.3028805688809575
30864	0.18179457201145044
44232	0.0
7798	0
7799	0
8310	0
