73038	5.597536439007499
58476	5.396003226086574
65414	4.941821411455464
26061	4.808367316992574
12769	4.651702045541496
12767	4.5644997672490994
33203	4.188500348145242
82227	3.847318435025257
76635	3.7809029428924603
78836	3.6656773882611375
57914	3.5473999795785858
11922	3.3180196986160233
25096	3.021622734291996
29908	2.9730493250946806
28662	2.961672078190339
24515	2.8539429674262844
33172	2.830326066561365
26611	2.7348829062540396
29904	2.6772263239710354
48805	2.4856602202796325
65036	2.445084091621165
65446	2.415020470385625
61689	2.413334212228202
16575	2.3922654607607847
56829	2.227639157006055
64645	2.1674580537057624
70306	2.1454403302293894
53502	2.1244707080634124
24485	2.119553288317588
16922	2.055057939626437
47516	2.0385028399568843
30486	2.020170622471257
14713	1.969962775253765
9790	1.9315187307909354
54762	1.9020480519455227
79759	1.8711805152933396
4933	1.8089266523035512
78982	1.7937294115534177
3972	1.7795722481479135
13345	1.7506836923667008
41594	1.7424723961337347
68909	1.7254836796996862
11979	1.7151689805601236
4358	1.6899484563616507
9479	1.6355923758831266
11481	1.5922588428838567
73706	1.5673941418358228
49815	1.5601296574246823
49856	1.555101963084566
73762	1.525466576605805
29911	1.5091160550771268
73320	1.5040147619503383
12825	1.4990833246849211
20201	1.4828097909849562
35396	1.4733223280478844
11485	1.4693084733892892
86912	1.4664137781599214
86929	1.4660164179341144
73746	1.4632639805287335
19634	1.4541002572696675
38442	1.4530578849106996
11930	1.4482088584451294
11923	1.4311830339451819
19781	1.3791780157553901
20156	1.3791780157553901
22751	1.3555146255853319
29894	1.336565917172726
16954	1.3132064607609917
29314	1.3119381884383168
3835	1.3060564306815445
41541	1.3008000043584305
20199	1.2967976737546683
76766	1.2891496030747125
14707	1.286305028187832
27386	1.2841852275057373
20160	1.2831026154620022
29913	1.2587901859161064
24490	1.252055203047921
23377	1.2368995240718463
19615	1.2348141948180509
22690	1.2338861701337895
26603	1.2312277560932399
27870	1.2269451331919328
27384	1.2255183513166061
21895	1.2138181283463318
64657	1.178034953100665
25100	1.1656616877778943
25699	1.1563520570403347
25103	1.1506921550918243
24550	1.1503702153970976
17609	1.1502165222376701
16390	1.1498194859246458
44865	1.1117006725357559
25205	1.1062570427148593
9726	1.105199390975325
20705	1.1047015680156378
8327	1.0991111824995432
13332	1.0954640182855004
44758	1.0939843235201363
17517	1.0889088270633587
17587	1.0852934057579824
10182	1.0781935259076176
6497	1.0480717109126427
6503	1.046431203890743
8455	1.0343869391218323
49884	1.0300228520870611
53682	1.02859478252791
32366	1.0193128296223164
13335	1.0158637276188143
12812	1.0156220008131314
4881	1.0105653872165998
29906	0.9833003573318193
28657	0.9545885683696588
71001	0.9486724336589588
53469	0.910164647712316
6498	0.8336615763469748
7115	0.8292403684609186
3976	0.8206088152027654
33668	0.8203185864678394
44163	0.8008851992170666
73641	0.7955469324073451
13313	0.7834916586507457
81731	0.7834209308181164
46736	0.7722570018965408
51210	0.7722570018965408
66107	0.7513887898702236
64626	0.7509600126159401
65364	0.7507236145156594
39349	0.74669529203985
7502	0.7167103160920915
47551	0.7062204741117692
77310	0.6922493283636295
73614	0.6641663667433272
76690	0.6565698527951201
58755	0.656227356351769
15077	0.65263008743945
70668	0.6491659075151176
6534	0.6390268207754395
65306	0.6368444150724325
68419	0.6368444150724325
4395	0.6234218031710747
19033	0.6016013511456036
5862	0.5915995640193804
73598	0.590796137306568
3827	0.5785495538082724
7118	0.5690521820231502
36447	0.563254659931334
4439	0.563254659931334
15082	0.5488672478971015
6735	0.5421641740672458
3833	0.5399912991438008
81494	0.5322221919180057
4306	0.5219675188751083
9703	0.4945573865885172
20133	0.4889443596119849
53523	0.4752382716704513
20127	0.4534916604534641
16899	0.44973768379539525
19599	0.44569128223992516
20688	0.4437789158414739
19601	0.4430697092691508
12479	0.43899248396338064
13342	0.4329237278058621
20766	0.42791838531583415
16897	0.42203441167491595
8333	0.3959349217896466
13314	0.3941482971099435
71368	0.38915116866036015
3828	0.38541882271578387
6636	0.3109711840690421
79021	0.25230713613451927
67280	0.23958067345162193
65394	0.23483216615531433
3837	0.22592430242231787
3265	0.22449255779060184
4310	0.2158399990418347
3834	0.18402111820534128
54745	0.18330063736546864
15200	0.17740365239297762
13320	0.17647360039019278
29920	0.16422162145053543
75563	0.14437230098015186
30456	0.10744799542167738
11083	0
11960	0
17619	0
22858	0
26080	0
29935	0
33188	0
37078	0
54780	0
64664	0
6635	0
67861	0
76675	0
7937	0
85372	0.0
9358	0
