75201	3.2761215092805527
64033	3.092401550541948
64070	2.9494108173019025
66961	2.9107177679390226
70233	2.657282436265689
61170	2.5634424218616587
27215	2.552199468984541
24214	2.540749551121904
66923	2.4743126391404524
60528	2.093197260692063
3740	1.8495719660607626
73326	1.8252094095095628
9591	1.6882208743567753
71345	0.9866117678308588
65394	0.9847466360467623
77428	0.8077982254172468
78727	0.8077982254172468
39173	0.6404283790296276
59464	0.62599926899831
76675	0.5613079574935849
49879	0.5298844227056816
58888	0.4740597765480731
68037	0.4688053344999554
75591	0.4652683722695691
67634	0.45031259260042217
28598	0.4235837871478193
9846	0.40605115935707536
25134	0.35980488160821644
15875	0.34390587655975313
3972	0.33986990594946687
26598	0.33088749485796
32366	0.30666101044634786
16343	0.2677869778064601
84584	0.24184121515526225
37136	0.2166550674064246
20973	0.15568510575411343
16954	0.15402182404042453
13342	0.12986357728338682
24515	0.12846065206444734
39335	0.10688874330349962
67861	0.09785985656411933
26088	0.09039157575398449
26085	0.09017309196302403
22751	0.07434274930693252
58476	0.06463953226148289
4933	0.04390757562032255
56170	0.03425928579406645
16575	0.002914233297299673
25172	0.0
80709	0
80893	0
