61677	3.93204523701741
84529	3.1169649854266783
64892	2.873103860278179
20763	1.7969253096495414
2906	1.765340896319743
80908	1.7391152675453014
43173	1.6098284757096128
47129	1.47462500096138
9544	1.4001613221289546
50269	1.3993925855880371
28826	1.3759924587446308
28903	1.310263242262513
63176	1.1555013951897082
33112	1.094217177420794
57755	0.7240694177598084
43241	0.6758566934853658
26058	0.6009642348556767
37614	0.5241246241724984
63369	0.4998572492606529
35104	0.3891901808520106
64442	0.3534323151690766
13367	0
26651	0
2798	0
49709	0
53426	0
59350	0
68843	0
69421	0
72892	0
8300	0
83223	0
