38244	4.576569888060259
74775	3.5141998501103062
84331	3.185615898712844
77971	2.457704918776273
13984	2.443345581559969
77921	2.313209735378514
80435	2.2909354654580767
54157	2.190372749416096
72052	2.0288237189119265
73186	2.0288237189119265
76564	2.0288237189119265
78866	1.895967761551958
62470	1.620099436788864
54175	1.6168976536920945
79418	1.5331111443263092
39922	1.5109163482967043
53720	1.5048207741445274
61734	1.4577614820847389
44818	1.2258195820099118
54747	1.1804171027282422
82415	1.1655504556591765
72267	1.0804165589472505
53615	0.9306195960795731
68865	0.9043618423785627
86159	0.8944379408597682
86296	0.8853723754672329
69461	0.8714742446010116
16877	0.7210301277481056
36985	0.5319206203424379
75018	0.5114007990460175
36992	0.4501548180761057
68853	0.4408718682686298
44789	0.3841153849056738
45278	0.3730316919063547
68856	0.2817283556459823
39110	0.25405096992251
39149	0.2516802782606603
39150	0.2440878767013589
34274	0.16655598523353488
36966	0.07337269955851855
39153	0.06795671897808675
69428	0.06674195702172336
44857	0.06628150841920866
36421	0.052837181361504726
61698	0.0497842731102186
67267	0.04912919712274344
65315	0.04753088804947048
59532	0.04462719513081359
66005	0.0441580397536383
65439	0.04404228815726563
67261	0.04347251501522664
29942	0
37094	0
4408	0
54203	0
55832	0
61683	0
61721	0
64629	0
64651	0
66084	0
66820	0
67271	0
67794	0
68421	0
68862	0
68921	0
70648	0
7121	0
71255	0
