43899	3.7165696239652064
27525	3.621751044284358
19705	3.453860713314997
13135	3.3984359134692044
47896	3.3387586288583453
7359	3.300829799877899
19669	3.0727856081910145
74200	3.0568364606500715
49230	2.768010506076713
71648	2.7343521820192325
67280	2.2417839506224206
5410	2.2200996646954687
5418	2.2182465647010106
14752	2.106026860985807
44236	2.1039503029072186
24598	1.9710817610110867
17505	1.779524473882546
39972	1.7241319214347026
27535	1.6634571728290801
3364	1.5771246857063643
12855	1.5502267307266038
30016	1.547515695879715
26578	1.5295418453198855
13382	1.2794310099467083
36318	1.2752709237051887
19626	1.2718917914537957
69511	1.1703604849992315
12579	1.1572343066025468
12658	1.1563660071752595
71904	1.1074141575256502
27814	1.1020461178659544
26257	1.0905661258116979
35258	1.0814552597022604
26110	0.9080733513407591
24481	0.7807513282423215
13385	0.30362611728994127
12856	0.2891552915686131
35292	0.2493156984586118
24492	0.19483523570657324
24483	0.17756730473480764
11633	0
19700	0
32470	0
33964	0
33969	0
36435	0
6596	0
73106	0
81347	0
81949	0.0
