86751	4.352623738027972
9660	3.7228233439893796
72821	3.3647141867932544
43886	3.293330836907207
67535	2.9796577033090585
85393	2.8833895831005947
58143	2.7362684340286134
16900	2.2978442966491164
76669	2.1135040433326364
72826	2.0480228802364633
72899	2.042912309229238
83946	2.0223498464173915
20126	1.8423162575342973
55197	1.8138438578148879
46494	1.8018232151650637
73475	1.5959147707506498
24350	1.5005782549933138
24827	1.4972698933571302
83332	1.4246145022519092
83913	1.4179354167883176
46509	1.1265707701537153
83185	1.0343659129221898
21791	0.9808061646529324
82927	0.9687583876140912
75593	0.9435084630093713
11669	0.8728657089413936
75465	0.8402622671625195
83266	0.797463474791614
83312	0.7788029446083558
83958	0.7752647455324582
83336	0.7687566075198489
72895	0.7615462307668038
78782	0.7346190888693642
83339	0.7203603049480806
63773	0.6826291214597016
58426	0.6388251572701497
8369	0.6255791254334839
58611	0.5896836321230765
75487	0.5110173867629455
82198	0.5096527519663182
35148	0.48596658250751124
44081	0.48415940358998455
75590	0.48294812648699736
31459	0.4520211318602292
83427	0.4365744001452241
83880	0.4359144645638222
86881	0.4359144645638222
81788	0.4331547155995158
41297	0.43093849194553835
22696	0.40901354976990123
64275	0.4087359464556023
83268	0.39049590698751535
83428	0.34865532404088206
49804	0.3306971965143414
22875	0.3165997405245582
67400	0.30567062633420183
16655	0.2867361243315947
55879	0.15166239694881822
73037	0.10335329151510586
75714	0.08894248658239223
24499	0.07246303743432825
9413	0.07197937074419003
16727	0.02986644945970962
11342	0
11360	0
15746	0
3142	0.0
47225	0
51258	0
64685	0
71186	0
83364	0
