7486	5.878077352434739
9843	3.7713508669888745
67115	3.534221569741252
85553	3.3887720133996084
48981	3.3080473779468287
39184	2.289671466755561
54492	2.27437550496875
54214	2.2315094031947362
86326	2.163054967578804
68780	2.0999896611671347
66981	1.9330632573144735
68370	1.829217371359547
65789	1.8174097814152197
4017	1.8029414487367208
79565	1.7704633400403607
78577	1.5408418718189285
37594	1.4847455931678513
53133	1.4009651530771616
68722	1.4005358303980024
64294	1.3554362950120868
70633	1.3510170487296274
65174	1.3265107834330987
68784	1.2935868117841092
71676	1.273195299120926
68777	1.2614445451161531
53131	1.25337692309101
82847	1.158975061231371
30846	1.124142645481553
70650	1.1236814670208526
82634	1.1102393202161707
69307	1.064420571150201
71577	1.0344270154158481
66987	1.0262087569702234
71710	1.0041283485342878
65757	0.9958145646985723
68140	0.9004305594913835
69325	0.853255518131177
72704	0.8339282964703489
68719	0.7498474173628223
80078	0.6684769017560833
69279	0.634304784290672
86229	0.609672507570399
64122	0.6054191043944855
65683	0.5991023381167992
65677	0.5937965151030198
83222	0.5669177854129912
83765	0.5542298030698369
64800	0.4884993385476142
78520	0.48589852444793014
55419	0.4687452621679483
9343	0.4649064774581978
35258	0.44157587045010044
71706	0.38820957051135874
69276	0.37455424247749364
72888	0.3105149800389626
75872	0.2780779697343753
81732	0.2317625191862771
81715	0.22147247349507837
74189	0.21330792809844923
65932	0.1934734601408138
85099	0.19078970041403542
83252	0.18109526728851832
70329	0.17483557925389415
61293	0.019790068576363673
68765	0.01880027914002025
75414	0.018247529149004404
67140	0.017597960278887825
68296	0.015593095497768772
62747	0.014754745828737814
64322	0.014070954141639391
61298	0.012521634716038732
58292	0.011821852269959465
68145	0.011630994197131095
64176	0.011402503836437705
62744	0.01103719073572551
68141	0.010983991163327489
83260	0.009764494048466466
74091	0.008809286548964068
58301	0.008512341367226006
61302	0.008394471994489283
83258	0.008357404617511333
72873	0.008260504390987577
58293	0.008109929083492395
28202	0.007492807615726127
61290	0
61315	0
61329	0
61382	0
62784	0
65850	0
65951	0
65957	0
67067	0
68720	0
68741	0
68768	0
69282	0
69324	0
71307	0
77086	0
82870	0
86626	0
9420	0.0
