6163	4.319781076409135
18552	4.00537344058422
23408	4.00537344058422
28185	3.9468108864148856
82926	3.466147745522249
60334	3.2035174456749167
41791	2.991309145572792
38920	2.844621742982908
25590	2.7309592419782085
72320	2.604343016730967
85147	2.572988080459522
16827	2.474048251738015
42439	2.4248583005333675
38356	2.256387315829527
78595	2.249036988573085
76397	2.1008421072323693
61409	2.099904903749782
68777	2.095860134822558
68775	2.0928148251095817
46387	2.0910597711816488
39858	2.089483737800475
56638	2.069782437597093
75435	1.5780932255376792
53133	1.3698638156127039
71167	1.3587557805065427
13285	1.2908293886187712
78584	1.2284924300780624
81474	1.215889450140427
82908	1.1800288075977408
32982	1.162365120414231
22541	1.0919336054225315
75429	1.0656020379576097
53296	1.0449042484841182
75431	1.0445977038428593
75433	1.0286574908536308
80283	0.9921761518167074
4046	0.983746735711307
58418	0.9701545272122789
6304	0.9343641363643618
9456	0.9008948243503279
80280	0.8820769157023942
78580	0.8721925982507943
53185	0.8627334237854745
83804	0.8012274861394855
83809	0.7967822346510137
75434	0.6960429446507943
12741	0.6804340831583757
4839	0.6794484642331222
22546	0.6723246125822308
82907	0.6714937762847607
83813	0.649769155296063
79565	0.6493997045834338
13264	0.6229511562062356
64271	0.6193057673659859
78574	0.6165407380790323
78572	0.6128939218005228
76441	0.5971964361961417
69331	0.5873638418596402
19408	0.5719144915009494
83267	0.5715052440963113
19413	0.569761887843949
59210	0.5662526611375012
82163	0.5625854193408739
21659	0.5555695088586886
25645	0.5555695088586886
8052	0.553561902080509
82164	0.5362030410114723
29675	0.5045849720972007
83264	0.49769052573668904
26495	0.4950342057338355
60008	0.4845252265367732
85987	0.44163574577250553
72796	0.4178246179493392
3601	0.3552055888185093
3595	0.3129677304125249
69330	0.3024260268358929
14956	0.2605520205406886
79578	0.2484344508055929
54109	0.23958777567368506
86950	0.21453053058168514
15458	0.16408994350027117
30597	0.09627865679962189
26529	0
27404	0.0
42441	0
54671	0
7486	0
78577	0
78582	0
79552	0
82190	0
