64800	5.373142474964532
39184	4.071455295311554
24062	2.694578291667783
62781	2.5376340837007274
48981	2.2445732387444086
71759	1.9173404458763446
20830	1.89922400165253
75135	1.7087905651393567
43393	1.6312761528596655
25918	1.6254231928103708
12555	1.6155751767112543
21067	1.5193141778336028
4527	1.498160078684549
21903	1.2558835437292106
47783	1.2335880112070914
2786	1.1784552009110778
78091	1.1073401759426413
78092	1.0441998901034166
75338	1.042157617784809
10994	0.9613123095842084
22083	0.8679818869782792
67460	0.840297313685422
32907	0.8262779992425768
22769	0.8181466251447972
45819	0.7630131646425646
49144	0.6857167927775955
16241	0.6528876231652586
15690	0.6260561169747058
69629	0.5834054636612156
71406	0.5834054636612156
69633	0.5006099547554741
86836	0.49741828527984605
26947	0.48603436900994923
3149	0.48135832112109295
3156	0.41862715439194775
34178	0.3859172412047237
71948	0.3700762636356657
45828	0.35787863383211627
23947	0.3312726997767039
33737	0.29855452887376943
36959	0.29855452887376943
11627	0.24177358569521146
81047	0.20876050220509446
49328	0.20237115479405543
15861	0.17387515626400607
39652	0.15208188233873632
24271	0.1498123718419604
39712	0.14680238051477756
57033	0.12394453934911176
47759	0.10772286626216154
23601	0.0792206659472321
55400	0.07045166280087378
9980	0.030923610425209747
49288	0.0
