51576	4.748338291791018
77936	4.301806683996537
67107	2.898270023522196
67411	2.898270023522196
86459	2.7785187090528574
71157	2.3014694930798036
79950	2.0963240079826164
48786	1.8743958937452345
59244	1.8301876308381728
15865	1.5012413814124332
47338	1.2496801910958997
62594	1.2369465064203617
63689	1.2006177996158127
71894	0.9750667848286483
42848	0.8994018691330311
57876	0.8987726142289857
48098	0.7392719319707195
45161	0.7158306915268429
60334	0.5825333355989177
20760	0.5776400969966353
25590	0.545315154447791
3169	0.5213751931714096
45168	0.39457308462679447
31404	0.3552027322041822
59521	0.3080164025195964
17930	0.2957681644094521
31249	0.2932300620011675
31947	0.2932300620011675
52237	0.27551548195664044
86286	0.2677863639946074
31761	0.2476526042369337
66686	0.23958633877289803
75282	0.2388482899721397
37330	0.22176326787580602
17736	0.21550912256667887
78164	0.21052015815852887
41791	0.1786937579514476
38356	0.12723392957824886
72535	0.11551697297653285
36212	0.10431376642200774
55602	0.08010987978518869
42439	0.07616777130938746
58209	0.06867690708128638
61532	0.0645961470752725
28185	0.05811552530408737
71159	0.05514194046911414
18552	0.04737211204827263
9462	0.04256303835076902
67673	0.04245861666721917
18529	0.024838347647060832
18297	0.022936412442160048
10117	0
23437	0
45642	0
63648	0
69377	0.0
7535	0
7622	0
76772	0
79823	0
8007	0
