79605	3.533981491488422
19488	3.505092172315294
8768	3.2824078497740574
41487	3.2763095254421026
42907	2.432126673772
3641	2.364124724750505
35104	2.36216860194004
3610	2.332327749359416
43962	2.2152895203837586
83238	2.115035730226667
59914	1.6074493889239099
37153	1.5851617466524428
76750	1.4436470732346103
76779	1.4400190205404404
15404	1.3593006398787095
70629	1.3292247478855168
55914	1.173869116948943
48692	1.1120813518770571
70643	1.026927083906588
46422	0.9751901658993323
60305	0.9376466999463334
9473	0.9239217230587217
60227	0.8915443473783611
55797	0.8418361603708087
26322	0.8341435350634896
11114	0.7165476412429611
58126	0.6169136686944798
73988	0.6158611706180783
72885	0.6060740471792251
61191	0.2919202803961223
54695	0.21606369694711625
34428	0.21410791316874767
19365	0.1618605722343115
43806	0.05500560218137407
12740	0.04743925026106455
58438	0.03332120062801036
72605	0.027506268670004275
82677	0.023600895571822322
25548	0.011481842259342345
22906	0
25956	0
52913	0
5650	0
64168	0
78418	0
84892	0.0
