39926	3.0835317726052933
14196	2.720678106618705
41538	2.6907812457789486
39661	2.59453560952759
62392	2.029785382016825
3936	2.0122368249391815
32400	1.6203684974298163
25220	1.1291388869093524
72985	0.9508253727362848
25529	0.8718195811691295
17390	0.6876077717414719
17360	0.6746348283973088
52385	0.2851118358327569
56129	0.09185552397473862
34498	0.06558025028997239
41792	0.04866196058278971
18090	0.030933440983373806
40902	0.01756637779601089
40427	0.01504764618003307
16941	0.011810265472683379
30390	0.0
30943	0
33589	0
74269	0
77243	0
80308	0
