53046	4.1503732558614574
70466	3.531084308425474
58748	3.456398293603141
12858	3.2003976668964094
81350	3.1554820149468097
5166	2.570958975374972
78115	2.5054111488204422
59464	2.43125590586782
83201	2.302174557312676
85553	2.219825248950945
78269	2.0450326799908143
38350	1.8870974501779378
5410	1.7319240533302587
5418	1.7314020980613267
23536	1.4591005472088807
38383	1.2881956704576554
27128	1.0783397896939588
48882	0.9370994391821488
14376	0.8209197485340577
83304	0.8192533080474391
61149	0.811069163583537
39961	0.8110217827418885
31141	0.7975647663160605
18250	0.7962852226448849
6635	0.7952020785929927
54214	0.7945788168339419
17276	0.7940942098326833
7937	0.793765632683736
39944	0.7915087795207112
19797	0.7911590831664239
22961	0.7911590831664239
22021	0.7900079751749037
18246	0.7871574759341294
27966	0.7859906279565063
54208	0.785474640497275
30217	0.784978332093518
15927	0.3623050740660637
16894	0.3590639488363577
54220	0.2870812249170641
69471	0.2840099191396154
13348	0.18806156756821724
22002	0.18739203811700267
47596	0.18335054799885886
13364	0.17858215558909185
85601	0.13934753923281162
8620	0.13407897199795005
54467	0.13283027936250358
6104	0.12779781726352402
27209	0.12648711254196032
64800	0.11884323991706325
68780	0.11624955884318688
41121	0.024562268241122398
34745	0.0
42641	0
68028	0
73326	0
78125	0
