83932	3.7177110777704763
50314	3.619277533742939
22169	3.5046933415535526
84272	2.6979460861132503
77920	2.6663316845541085
80449	2.6663316845541085
52263	2.640080625827713
63616	2.4941646726059616
76353	2.4345630945050587
52301	2.419867488594473
44714	2.4173252064318347
85265	2.405334562102902
49600	1.9756639120923947
49460	1.966111982226723
54765	1.928984579089481
22662	1.8009682963850056
26058	1.79986790806587
58553	1.653425014260768
80518	1.5801372135536158
82290	1.4900273065342524
19961	1.4712473919072233
10759	1.4631911070684096
5176	1.421144599886641
5177	1.421144599886641
81929	1.3690366607999485
82392	1.3618406529760667
67204	1.3167705191582892
8780	1.305028424172308
10810	1.2776418019095586
2829	1.2679264421811545
84364	1.1857665167023677
76314	1.0329987600281916
54925	0.8940427120699983
32662	0.8005622126561769
35073	0.7971617216843551
54814	0.6934028124909412
50264	0.6834628769589215
14942	0.4806309604686576
58507	0.42016089426851055
82981	0.3695519404657698
79295	0.29766809566259944
43241	0.28315926922673973
56511	0.2609241715792543
5650	0.23418898981351743
8938	0.23146587063149293
84420	0.2217463482481925
33970	0.17303479329961036
14838	0.1524610774951245
78878	0.136526526126717
57755	0.04364607789968722
61652	0.006059106515569956
63369	0.0005534578994090822
49709	0.0
