62213	4.10400694580434
52175	3.639179987906273
25263	3.003882436063189
17650	2.9910077499633383
6635	2.260530459080048
7937	2.2531517396945095
22961	2.2398333014800302
27966	2.2136913062455865
31141	2.1781121645106647
38229	1.8704111616590051
40259	1.8151269322054926
50202	1.8151269322054926
28198	1.5458219005761682
26711	1.5170180276281182
80118	1.5126853163065417
59813	1.388392895469732
48587	1.2333514692059075
40239	1.1163630045858228
5223	1.105645470191595
48148	0.9060218596278302
33961	0.8946089781827373
49633	0.8421308701684507
80483	0.7682402770951312
80484	0.7682402770951312
80884	0.7682402770951312
3008	0.6769794033468802
5225	0.6190002455979603
5226	0.6190002455979603
5004	0.5902260071939668
2493	0.5233670637967575
2494	0.5233670637967575
65210	0.3524540390997579
64966	0.19404548670577526
51493	0.18658529939152002
86042	0.06174975461909926
86961	0.06174975461909926
15744	0.0
