57876	3.0838806334414928
42848	3.0757126549178504
71894	2.9545094137202357
2738	2.8722194512591086
42847	2.6942152019161747
66181	1.1403445124945433
86691	1.0568626350650134
31784	0.9943516370128949
78305	0.5578553681704632
44221	0.5482646453345147
82689	0.5468041455819264
80891	0.5149785248486513
7741	0.47447526271408247
40131	0.4018170048737037
41556	0.4018170048737037
59518	0.3976057622274509
52721	0.33681454379564546
65465	0.24898810630720314
66118	0.24898810630720314
65501	0.20568149924947732
65311	0.20447630989393029
67275	0.1969271751714199
67433	0.1969271751714199
68756	0.1955251234940174
46122	0.18957935619540878
49229	0.18957935619540878
34733	0.17578643013534478
78998	0.0
79698	0.0
