30653	3.3099049127445195
25328	3.250169266382615
78418	3.222507002113544
19285	2.2119851622512967
12109	1.98631219614802
69236	1.8156499768603074
4528	1.7404677495118048
21511	1.5184796210923401
65604	1.5009949436004726
46194	1.4661096579032984
61262	1.4457089113264543
14377	1.3719367698456504
68718	1.317554615219426
79988	1.249084588286756
78447	1.1863897469963245
2725	1.1416786127634329
75278	1.0887581963958555
13147	0.9997493462718455
68716	0.9585081242981608
79951	0.9371486035209102
7225	0.8838343831993529
2415	0.6691957677515912
4546	0.5289260464874324
74846	0.5076195483971396
53830	0.45913144934818684
74036	0.42870461577837793
2346	0.36861696150950474
2345	0.36509237507374026
20350	0.27991650697772785
65633	0.20521914279063003
11302	0
57243	0
9981	0.0
