53188	3.166322043791375
83869	2.7253821827630214
26011	2.6349326386180407
54126	2.610182264943829
68798	2.459986292556491
54675	2.223752613652368
38696	1.7853417933127123
39840	1.685962749626131
15462	1.278566373345181
28354	1.221468676425728
34410	0.9574855282111476
45201	0.8015325573664609
7397	0.7980660882762489
41614	0.703568141347722
50474	0.6724256361391792
9382	0.6051679279946269
19908	0.5595373438988102
60740	0.5294169912936049
85424	0.38831839064748475
26511	0
39258	0
48020	0
54716	0
6158	0
62306	0
69372	0
8092	0
86201	0
