82244	3.6453080317846296
17654	3.363594602780542
14501	3.3525181507553654
76651	3.3104888305135995
69370	3.1063478288571846
33147	2.9951529392612746
33155	2.9132667370045313
8796	2.9019198927175287
18536	2.8415601407010773
14506	2.817182269621855
86184	2.8149072484940314
29916	2.7841497004126308
29248	2.7744649249624054
60586	2.5913105672777883
33759	2.54404991316413
15641	2.3948700619055066
17688	2.3345311752493636
17305	2.2881378393537974
14503	2.226997324543171
14507	2.219951114949847
17687	2.084048478303501
29910	2.0683010718334
29684	2.0430225674194644
43860	2.0140598826519938
17371	2.0002566056910998
17318	1.9515150823405845
12097	1.9258217309414012
15211	1.9258217309414012
14504	1.8813718027218207
68048	1.833703642733738
52836	1.8234696858114297
16169	1.7859007880726718
48364	1.706050923104441
14502	1.6773974885227914
29200	1.6089724705076556
29892	1.5714812759832977
29958	1.5068031451168507
8169	1.480959720096769
17652	1.4771179610361154
17653	1.449597164940741
11606	1.4285102022662168
29984	1.3886442052591224
79732	1.3435556558421795
29271	1.3315070846463346
14512	1.29701907637859
17651	1.2756883912308623
12850	1.249649545386975
29895	1.2473803995959698
14505	1.2341846437676693
45721	1.2204358427939628
29196	1.168894107046232
50193	1.1581933994985776
28622	1.1342590410189113
7773	1.1197233565580562
6299	1.0900617242919732
14673	1.0890182492299005
40278	1.0799761430803583
44236	1.06877273647698
17361	1.0483777518075166
17278	1.0353855471862436
3781	1.0321170242246753
26068	1.0193520280584893
7057	0.9674362107013997
45707	0.9607520945034689
86381	0.9439169651674137
45735	0.9185270414797526
17647	0.8622065387096386
22862	0.8271043322805397
18001	0.7869619942105274
41461	0.7513462104189903
18525	0.7474461344403682
17648	0.721195232419929
17317	0.7010107118466643
19028	0.6966953872140975
26072	0.6497288142355117
41447	0.6459480148627815
19026	0.5660628890684032
35017	0.5507498908488833
17689	0.5463337119778382
22691	0.5387741539375379
21077	0.5327671102397213
32232	0.4989541680326146
27970	0.4573811644900432
35545	0.4072994945941748
51917	0.3857359189697105
54291	0.37872220032378134
32472	0.3753180285437765
67785	0.32868175029261715
28025	0.3106372113555784
11106	0.29515610874236753
6237	0.24694569634427666
21738	0
27378	0
36575	0
4300	0.0
