59659	3.6285426230527333
26253	3.4551604546203984
56579	3.0054626240838176
74778	2.847784160718495
73372	2.7116639948919508
12890	2.3515128831802663
14567	2.0403932496648522
58438	1.608422748965635
43806	1.489388342249876
74790	1.3484548544522683
84627	1.2848103733587897
46142	1.226254580777093
54608	1.1242538144672882
15065	0.9014913853851134
21172	0.8868803751665835
75562	0.8638493252421505
3169	0.7709057531806132
60928	0.7635022191682164
73397	0.7528352091193405
69112	0.7372459950361756
10616	0.690858047588939
12892	0.6645286580402606
53308	0.6608344766222504
73337	0.5978509063027266
5870	0.5204201362213184
66785	0.23981931565673142
26301	0.10330652343784741
74917	0.02353334081029579
13142	0.004157745298317028
14098	0.0
49545	0
