51139	3.651020637032556
75624	3.266249608547552
23398	2.8199826713605987
73598	2.760766048256995
78626	2.7455001246803183
15776	2.7280134125293864
4933	2.6944590174440863
11402	2.681687361140888
49766	2.6734700688481965
16575	2.5931874658454728
34684	2.5505198210124758
17498	2.5143778794288014
58504	2.509173207717957
61554	2.326394506779203
25832	2.1716833790952013
29729	2.1061687219387304
29314	1.6855652883168866
58428	1.5305968505142473
16953	1.5240824892220888
82229	1.4205200588154816
58582	1.357051687333451
24340	1.3276063782729772
51780	1.2794170048064601
31530	1.2781735619034873
46566	1.2454628985866432
59340	1.2165240447171963
51841	1.0673816053001952
62293	0.879326238064266
61540	0.8044653455163028
56735	0.6195881780395603
58651	0.5764053252105399
26073	0.5111842190971043
68812	0.47549237669668165
67144	0.44451901236785507
58676	0.3948016874180027
67717	0.3721743321392206
64476	0.2168276567256775
55187	0.1820796454750233
56519	0.15527510136466738
65289	0.0
