19505	4.085683118715332
25144	4.017193852229352
82966	3.2989590073928357
61475	3.265453662135221
35053	2.766440141896873
62213	2.592565123612532
25765	2.3101639456834704
62212	2.2379625893522723
58514	2.12449600244275
83332	2.098358597252356
58503	2.052278704120101
75561	1.8069248529096695
41320	1.8065468263025846
86878	1.7951062080762308
33060	1.789769757986842
52215	1.6699386531750016
65284	1.630018004690799
43628	1.495310657407663
6119	1.4748758944241285
60155	1.4224597428111607
62292	1.4132115557053762
76612	1.4079699487969795
60221	1.3980403061714093
83314	1.2582369156759583
70026	1.249449084173284
83315	1.1726541570448452
63259	1.1252309136137058
55848	1.0820873959648876
80643	1.0678979539048576
80497	1.0660366237648071
82226	1.0645297128666895
83429	1.0507872401830975
81592	1.0455868765457221
71517	0.9220420085179217
85214	0.843333281987181
19480	0.6306697199806225
78720	0.6246503324757913
50327	0.53183744425889
57150	0.4954335518843975
27814	0.4213903121381538
75471	0.39850339181262706
9954	0.3688824176104559
51691	0.34365911746986444
39304	0.2681193539430702
85236	0.2479998163067949
75641	0.23920856720069716
17505	0.20679692003555306
39972	0.14470000829307228
39883	0.12638623470721044
83965	0.08891690848394407
59351	0.04632220356288874
28710	0
39864	0.0
47192	0
49518	0
61663	0
