19953	4.33752840196632
74632	4.26824082053198
78775	2.8953053489481366
22250	2.6407121873655752
78928	2.430175386921024
40554	2.120041113859264
63280	2.0144720980323845
69725	1.989141080200585
86111	1.947067802257931
83225	1.9369860794901266
66301	1.7234955688797782
6940	1.6126499491423547
45374	1.5091322359975001
71223	1.3849319291250257
75770	1.3737352046732885
14933	1.3454182407907123
67522	1.3204224379986487
46655	1.2497748572782368
76216	1.2103112208303541
80102	1.0609565266587637
4984	0.9850358719752798
15228	0.9385537856790646
59083	0.9349586474490053
56499	0.9133116221871662
38191	0.5372361210043457
78479	0.5206436446000513
9384	0.4638297418721271
60588	0.4133226021504326
45159	0.0
