71102	4.093026032030203
35853	3.320580913664104
9544	3.0740830614471646
74695	3.001826202088365
62586	2.884292578666126
54925	2.4026527880894086
74681	2.3703592734637633
32575	2.3699922327544147
67204	2.3310730333139285
54814	2.1904857015203296
81694	2.1572079652365144
85806	2.0796073758646223
32662	2.0477574387209367
48566	2.025158436823936
79525	2.009600123129237
54844	1.9245450537513389
60471	1.831659085290678
37672	1.8177248084787014
74652	1.7677619773832518
85281	1.7257916392067667
6939	1.5257718136749503
84398	1.4298339538114302
8780	1.2986474864333049
64967	1.2852640350644255
57569	1.1649807707702864
35755	1.1572720162779555
82290	1.1037603086962777
86304	0.8918103114204171
60811	0.8775641020520634
37425	0.790109033123919
13884	0.7373498520448862
58507	0.6851098431805784
78878	0.6683797068126717
62187	0.66773697624189
73186	0.606356199489105
61461	0.5739132117028051
10759	0.5695627202212051
65692	0.4430052330219376
56511	0.20546422275380527
28126	0.1848282505726382
5650	0.1644827730111973
4786	0.10749070031500785
77779	0.10144337433943496
28903	0.09002476595452791
61652	0.08446199978751712
28762	0.07647941744758424
49709	0.0
