45396	3.725179816303349
22321	3.7168794958368983
43139	3.659858625281583
11825	3.5908310724780153
25063	2.549851528517893
42848	2.425321156613173
44400	2.3689316669637313
66336	2.037425629322409
58343	2.0247703948734426
6857	2.012378364985924
45138	1.507156500267012
18151	1.420256907614525
18393	1.420256907614525
58983	1.1742784109113276
29728	0.9901441159257092
82249	0.9376754402337987
46402	0.9022921239780987
46978	0.8843840452442308
47161	0.8293412878570143
40745	0.7571636485849953
13065	0.6779432688360902
38058	0.6082884671457034
57378	0.5939004187774501
74567	0.59009773513623
36005	0.5609384809300916
9557	0.5487245067903558
72912	0.5223766418045732
56423	0.49708180330969975
42862	0.49679752926074916
42990	0.49679752926074916
38134	0.49533953696057964
55052	0.4861078816375066
77763	0.4005165487552803
11288	0.3965000524349982
80790	0.3949410088038886
35785	0.3544438691796642
22244	0.33508069039592114
20461	0.2955620233324405
69819	0.2125809159239196
70874	0.2125809159239196
55086	0.20603618370455967
2789	0.1959233100399942
13885	0.17952884361116517
33779	0.16970035623159918
35214	0.16970035623159918
44009	0.15193106217155294
13069	0.10155620679114574
13939	0.09793271784099311
16139	0.09791165830118587
16767	0.07288360845295794
12877	0.008408820845647424
16137	0.0016945055763994965
17115	0
28761	0
35886	0.0
45414	0
67528	0
77680	0
8751	0
