39907	3.1526007475291715
19409	2.7648683978208353
64482	2.6232687598997235
54538	2.521683649625505
19420	2.4567024462210103
53361	2.355832912377137
19411	2.328567521958554
53269	2.271049408557859
50614	2.232699929560174
19885	2.0828288836937703
3148	1.8353691472236469
26648	0.08712196406768541
85997	0.07725646587840496
23361	0.07332753434552397
6318	0.06001464359052999
75429	0.05992683976562457
85411	0.05948303576487085
83810	0.046346023862675556
83868	0.044800050530046986
19408	0.04035754297430266
75435	0.035085980546278206
83267	0.03476807846936214
75433	0.03317906501473533
75431	0.03249667446683813
78572	0.031068366199861197
78580	0.031068366199861197
78574	0.030925288095086545
19417	0
23349	0
64772	0
67327	0
76403	0
76408	0
76411	0
78577	0
78582	0
79548	0
79552	0
79565	0
80280	0
80282	0
80283	0
80285	0
80290	0
81462	0
81465	0
82162	0
82188	0
82191	0
82908	0
85535	0
