50020	5.966934191173804
76605	3.2056026476901582
5671	2.7905355938954317
61647	2.7695706242929403
58137	2.657687996513957
48443	2.580725730865786
52066	2.37614235957447
39400	2.318723344238396
58894	2.318723344238396
79396	2.1782621571783825
38068	1.9590057887516819
43604	1.9553951420897338
53345	1.9326728119865357
46714	1.5953941689626419
21688	1.3871012780415581
22584	1.385641674495088
11352	1.376964895437494
11732	1.376964895437494
14554	1.376964895437494
19930	1.3758961170916182
3627	1.373543605160424
4075	1.373543605160424
6985	1.373543605160424
8125	1.373543605160424
15606	1.2220669053244821
86068	1.137690598012718
67715	1.06425193223376
79601	1.0638323286205464
70456	1.0634120538385876
9611	0.9982245547620139
65206	0.9664187858180731
62192	0.9622632936447639
44554	0.9548556687938686
17078	0.856159940000752
20316	0.856159940000752
61561	0.7950853977385989
62221	0.7053371262172347
77790	0.6282821712237258
44746	0.6125595890153592
29045	0.5427943162764807
57152	0.4826319798718445
80477	0.36040606404355335
81480	0.3454712794334722
75452	0.1582715609700971
28761	0
35782	0.0
