59813	3.329334438930336
15581	3.311020270086213
15582	3.311020270086213
23293	3.256249944071201
49752	3.1997723585416393
81420	3.0122694746172893
46876	2.873054564761194
75754	2.1658481215125125
76089	2.160006132342658
76092	2.160006132342658
64694	1.8087967888884382
34675	1.724184301854321
41481	1.633376547986115
58800	1.5862365464789572
45740	1.5606857738529754
73146	1.4950241314581851
56691	1.4192974012519146
81325	1.3285250473748018
10397	0.9240891080230266
10398	0.9240891080230266
67058	0.9146849353963182
86421	0.9115144059982869
83609	0.9096985235466322
86492	0.9096985235466322
6661	0.8998394947999788
27441	0.8606133493327492
64153	0.8526364005787894
12919	0.828971096994395
13217	0.828971096994395
70409	0.7182145260016071
27845	0.687044835959892
27911	0.6646349691065013
55718	0.6631003053037292
27921	0.5733439368407304
48893	0.46998566685998444
84758	0.4558560053004206
24789	0.4517919954002211
33736	0.3564417037447375
58581	0.3530440986905897
30473	0.2706857029624955
66693	0.26854248994260854
33285	0.23025862716845702
67613	0.22132229160790706
80840	0.21497033756946815
27402	0.18473206752351867
29922	0.16478661833235186
29928	0.1482940156370185
74497	0.13300117381975196
61777	0.12957442979427503
16007	0.11405641671768696
33229	0.11386355671376092
44101	0.1130396114014387
29390	0.1124894767214204
74003	0.10754160607933816
63648	0.10634853793593746
17450	0.09412618742710344
36398	0.0876641889074532
77719	0.08458154334266244
77181	0.07889045964242158
77124	0.07535705427102135
63415	0
82440	0.0
