23687	3.363144770651126
49904	2.917266706310481
12035	2.5115573187520606
72072	2.46614063590821
24287	2.334920517129257
12196	2.0120688631058146
58000	1.6801987332741801
12396	1.6739249488232024
38821	1.581743062332133
54065	1.4616654762547663
70836	1.335165847360697
29887	0.5198238877419458
29668	0.41182039519967095
29909	0.3849129098619509
19557	0.2936281346451255
14541	0.28754439742232374
41149	0.24106939880395595
19877	0.2393687892276477
3628	0.2384056579684094
19416	0.22837048710353425
17369	0.21027280966713957
9490	0.15851191972301093
15478	0.07689384081094441
29889	0.07658509825124182
32380	0.06197697645839362
32351	0.06186261834490003
8506	0.058852500189436885
11944	0.053169461401338824
12476	0.04052762495290729
83863	0.025789236485844524
9717	0.025647391185462665
8162	0.0
