10706	3.355352424653196
67104	3.0379921268758867
59095	2.282961700549811
60141	2.282961700549811
70010	2.056568227153699
40234	1.9231367612122587
75738	1.8656340093918156
56741	1.7803614726560328
40292	1.6925112654841674
26026	1.3444489982967975
26144	1.3444489982967975
68825	1.279926238823795
13519	0.5548954630078589
15334	0.5548954630078589
58487	0.3955170428444159
62215	0.38196847863436706
62401	0.34896837054447855
59087	0.2510623552109841
5166	0.11532722900524472
77429	0.06073834289245872
78729	0.06073834289245872
24747	0
24838	0
24839	0
48267	0
48284	0
49809	0
50165	0
50177	0
50190	0
59349	0
86898	0
