36601	2.9612582899755466
40119	2.922048928772698
41857	2.922048928772698
7937	2.549607618202825
6635	2.5495132285186957
31141	2.549355724619396
27966	2.547982766590134
22961	2.5446184450067575
60118	2.0560770780978905
59502	1.957479663334131
28440	1.8085766768574087
28455	1.8073824520374648
39433	1.5189909525614438
77349	1.1293954792173153
58957	1.0605123571602204
62536	0.9287406499756139
80756	0.8425708103329741
49907	0.8400034368647772
63056	0.6389207261317164
16170	0.42430567803074026
77104	0.39377389448299627
62836	0.38790033959353365
77102	0.38790033959353365
62835	0.3849513615317376
26568	0.35687253681643516
31515	0.33755800049249385
31504	0.30784690784013957
73034	0.2590879997828306
41975	0.08211655284720543
13484	0.0
14855	0
