53721	3.899083482481415
50641	3.6080559737786944
46832	3.5475885746137017
16390	3.4554250667058097
24494	3.4187005924084577
25824	3.4187005924084577
17609	3.330130269651659
39893	3.2535555770102884
42529	3.2420516817186638
39895	3.208653972219037
6735	3.182400434960835
41594	3.0976554840281088
11083	2.9102056847942883
44758	2.8821084663335403
16922	2.871238042126583
26113	2.7372072581008715
25103	2.7006982060834526
29920	2.6366001828257133
26582	2.3977562259852756
26080	2.394535920501042
29913	2.3633294149062563
28657	2.361462734812588
46736	2.3593791429280104
51210	2.3593791429280104
49884	2.3556540159256163
53682	2.3502543635520783
66107	2.344612583506286
9790	2.3334380728274295
70668	2.3231299902386793
64657	2.2516103615341367
27892	2.2470079911139536
64626	2.201874244622984
6793	2.1978471102397323
6497	2.1977715316919295
65364	2.195314928287676
44237	2.1914469208768317
47551	2.1672588517325173
73746	2.152779188601097
43392	2.148397920043578
24515	2.1356737153708596
64645	2.0940367350766644
29935	2.065578070755288
5862	2.048538080301518
26598	2.0258928438944386
3972	2.022782876656268
4762	2.020577957449111
14713	1.996032649318883
56829	1.9833970602926787
56149	1.9737005368574216
54762	1.9529883594966335
64664	1.9017397862196592
44865	1.8708858011032754
17587	1.8633768861239104
20705	1.861909358785514
3265	1.8315561135167984
13314	1.7809048103403189
19224	1.7611763956162456
37078	1.7536987375485495
33203	1.75308531046197
85438	1.7187899212321203
53469	1.716280438095582
53560	1.7152334079874276
53515	1.7106176550407244
53502	1.7072802785418282
19033	1.6839577458182704
9591	1.6160283053525428
65446	1.6105198718461977
9726	1.5845827240098704
29911	1.5766216545776983
65036	1.572252388729898
3835	1.4986193755005635
81731	1.4926198001405035
20201	1.458942680080204
19634	1.4402680506069523
24485	1.4386746429750448
3828	1.4222043215930067
15082	1.4218377868940695
23377	1.4047620175620963
7118	1.402912130777786
71001	1.3703412406028117
49856	1.367929365363037
14707	1.3236968769494561
11960	1.3188776824019781
33668	1.2949128675045976
67280	1.2877393085217097
36447	1.2663845833307426
13313	1.2649102062782456
3976	1.2501239099693748
79021	1.231116498275079
27386	1.2065113208021312
3834	1.205810770108342
17517	1.204594683088736
28662	1.1798054028533032
54745	1.1735695935717207
53523	1.170992973264829
29908	1.1701601968193782
25096	1.149795699337976
13345	1.1430162380216022
30456	1.111967584956493
4881	1.0800448064267092
39349	1.0762587440133617
19781	1.0554749307984297
20156	1.0554749307984297
13332	1.0520194069790987
12825	1.048163218408365
8327	1.041471439072853
6534	1.0296281756244146
6503	1.0124278590875964
16899	1.006279977961937
4358	0.9849083458569579
24490	0.9838911135452172
73614	0.9788685105617712
44163	0.9646609137093086
76766	0.95915505198876
24498	0.9586301059478285
22751	0.9573185411695182
29894	0.9386100554426221
33172	0.9356885771662704
29906	0.9269741922712982
58755	0.9228075236772305
20199	0.9172598600001463
77310	0.9021639646376288
4439	0.8985459819974275
4310	0.8750481297844552
26611	0.8727716077401976
71368	0.8685298249411847
27870	0.8655499822226543
73641	0.8547248850075901
3833	0.854464824268208
25100	0.8530651732811523
20133	0.8276032945654914
73706	0.8063189019097737
12479	0.8000415652183649
26603	0.7942051307677089
20688	0.7832403912765995
9703	0.7812864011900889
8455	0.773570209017801
73598	0.7619760816540212
25699	0.7530554075883629
20160	0.744136318186189
61689	0.7376030812355933
22690	0.7303659400286973
16897	0.7116520945665248
24550	0.7006538958530577
21895	0.6952906034790534
75949	0.6897024105987222
19615	0.6891751542159286
15200	0.6877870203416391
13320	0.6849469383927224
20127	0.6805041134414418
73320	0.670705169726959
30486	0.6625790874592217
19601	0.6493865163379487
76690	0.647885934994763
17619	0.6447546826803807
27384	0.6252000924640853
6498	0.6095779809285331
16954	0.6035096803023012
65306	0.597873533103173
68419	0.597873533103173
13335	0.5925897102417692
7115	0.581441353098821
19599	0.5727712455252516
11485	0.5689408560460699
8333	0.5675028399943148
20766	0.5654069127196292
29904	0.5402091472249099
11979	0.5282125984842735
38442	0.5235624182279656
15077	0.4945149801367146
35396	0.4927217688626375
4306	0.4852471064214636
3827	0.48456591428609586
6636	0.4587205216304058
4395	0.45714346442578213
11481	0.3934308972575975
73762	0.36753606891651946
49815	0.3441496173702261
65394	0.2874128076641267
7502	0.2575985537847476
12812	0.21576045068149008
13342	0.20311986308264007
3837	0.058863601579649094
11923	0.04932577423349849
25205	0.007114421001320981
11930	0.0
22961	0
27966	0
31141	0
37688	0
39939	0
56040	0
6635	0
7937	0
