55119	3.830773754517497
26681	3.6701003519798365
70379	3.4569870717282667
78018	3.275588667526914
10515	3.116897191717524
38305	2.8009053326519293
23436	2.7800957110642117
13485	2.679475263837886
76835	2.6335085417231285
9382	2.4865914905358317
47025	2.2793909125984335
20315	2.151298088344879
30089	2.123465104349849
67235	2.1090647065180637
29079	2.047557961234488
15628	2.000395547717694
73790	1.9950353838432033
15623	1.9757466395323677
68520	1.9695891474759228
68284	1.9615282675002619
23326	1.8948282598604556
79476	1.8375621115406224
22431	1.8284925727137753
36083	1.6906062451402668
50367	1.6906062451402668
65061	1.6906062451402668
7964	1.6906062451402668
12874	1.3493741122147533
12875	1.3493741122147533
12873	1.345366788382016
12881	1.345366788382016
37440	1.2082527272633319
42609	1.153794775200049
42697	1.153794775200049
47085	1.0420168503498786
85953	0.9609140605778397
46933	0.8870671611391602
29677	0.8227816752062816
48360	0.802434104178073
47027	0.6452505108357147
42824	0.6411480748237719
66425	0.6176773604493571
46991	0.6090037330878382
78194	0.5798001070170395
5075	0.40520044931064736
75032	0.3936716304393908
54794	0.3408958305312928
48085	0.3304320910557259
47699	0.1775248488854566
2454	0.0
85067	0
