31784	9.762215843065825e-21
86691	9.731106050762994e-21
52721	2.7381826905043445e-21
80891	2.5253685173794607e-21
59518	5.520096861660762e-22
44221	4.641950643110637e-22
78305	2.555771966543256e-22
65465	1.0378878900222845e-22
66118	1.0378878900222845e-22
68756	9.986855650295542e-23
7741	9.493402561494997e-23
78998	6.925771441463258e-23
79698	6.925771441463258e-23
67275	3.275124750365653e-23
67433	3.275124750365653e-23
66181	3.056599031184381e-23
34733	2.957691839031827e-23
82689	2.4827743814114936e-23
65311	2.4668627310670125e-23
65501	2.4362948361308954e-23
46122	2.3537599053027152e-23
49229	2.3537599053027152e-23
40131	1.4165557876614555e-23
41556	1.4165557876614555e-23
57876	4.5226831306818986e-24
71894	3.2210357704075742e-24
42848	2.587029609491555e-24
2738	1.1226705707525068e-24
42847	5.529977158669699e-26
