72826	2.0090180594174328e-17
72899	1.9338912528137475e-17
75465	4.726369538927519e-18
75593	4.384005787291989e-18
21791	4.372704541814629e-18
46494	3.3492657429093924e-18
73475	3.1313648162241558e-18
86751	2.992538547234378e-18
82927	2.3092018112312813e-18
76669	2.1778346673948483e-18
83266	2.1280032840196143e-18
46509	1.5679903217111489e-18
35148	7.905595557219246e-19
44081	7.029344597751332e-19
83913	6.773275567356373e-19
83332	6.098787352495236e-19
41297	5.634708274765904e-19
83428	5.502353203229105e-19
83958	5.407954365236787e-19
83312	5.014552199156757e-19
83185	3.674937497765233e-19
67400	2.906347702627431e-19
83268	2.817008489534305e-19
82198	2.297203525115413e-19
75590	1.8623179743976887e-19
20126	1.5540281583605033e-19
64275	1.450973170181923e-19
16900	1.2891644146443987e-19
81788	1.2223223657576867e-19
55197	1.1934584302951882e-19
58611	1.1558847395681326e-19
83880	1.1316982992704842e-19
86881	1.1316982992704842e-19
83427	1.1253888552090782e-19
78782	9.891308814653828e-20
24827	8.883990961626835e-20
24350	8.754779953450739e-20
58426	8.30776606790402e-20
67535	8.2117346943447e-20
83336	6.712822421529102e-20
83946	6.006735576157022e-20
85393	5.495810150069944e-20
58143	4.80468074671088e-20
9413	3.5881975863549804e-20
8369	3.558605554394881e-20
3142	3.518481007574351e-20
72895	3.147826483750748e-20
16727	3.041847254686366e-20
75714	2.6558901669819505e-20
24499	2.5444902951510792e-20
31459	2.3554946505276697e-20
73037	2.2719004230980854e-20
16655	1.993252998332802e-20
9660	1.979736518773292e-20
55879	1.8478275175246438e-20
22875	1.8005712684419153e-20
49804	1.4156244178058512e-20
22696	1.3800092564281047e-20
72821	1.1639361723160193e-20
63773	1.0564211392081443e-20
43886	1.0527340098027541e-20
75487	9.744483515347367e-21
83339	9.662792421102391e-21
11669	7.140080028194584e-21
11342	1.820447373584637e-21
11360	1.820447373584637e-21
15746	1.820447373584637e-21
47225	1.820447373584637e-21
51258	1.820447373584637e-21
64685	1.820447373584637e-21
71186	1.820447373584637e-21
83364	1.820447373584637e-21
