70466	1.7366281523091936e-16
53046	2.5754759870224778e-18
38383	2.1942204035105352e-18
78269	1.3077120408318714e-18
59464	1.1292923434895837e-18
48882	9.530313488108612e-19
85553	5.836332230953252e-19
78115	5.547259385728995e-19
38350	4.848764935816011e-20
5166	3.170140266726965e-20
83201	2.956613177985195e-20
12858	2.583829102161606e-20
58748	2.3298288107741396e-20
27128	1.4966987605387148e-20
68780	1.1695611216025363e-20
41121	1.0195150030945458e-20
64800	1.0172788935255891e-20
81350	8.716039858597751e-21
6104	6.6805239053918615e-21
34745	5.5306454101048486e-21
54467	5.448053545555745e-21
8620	5.194317905547233e-21
85601	3.8590578822608004e-22
13364	3.2725370020258653e-22
27209	3.196098190566677e-22
47596	2.8043492818383316e-22
22021	2.756239766731342e-22
5410	2.643040907656071e-22
5418	2.635831594843456e-22
22002	2.4996556861607294e-22
13348	2.4553366176985333e-22
39944	2.354130386732621e-22
39961	2.255900809618648e-22
54208	2.0827065552334846e-22
69471	1.8408587225334823e-22
18246	1.834017369449661e-22
54214	1.8071702414389068e-22
54220	1.7074523373989643e-22
18250	1.597762642955028e-22
83304	1.1285345056115207e-22
14376	1.0218917471243601e-22
23536	9.619051954753321e-23
61149	7.763653961888042e-23
16894	6.151642036505193e-23
15927	5.971786009542393e-23
30217	9.732030579414731e-24
27966	9.705849623984075e-24
19797	9.57368730477127e-24
22961	9.57368730477127e-24
7937	9.507977478117756e-24
17276	9.499738384154422e-24
6635	9.472030858251165e-24
31141	9.413310889872767e-24
42641	6.210692073991401e-24
68028	6.210692073991401e-24
73326	6.210692073991401e-24
78125	6.210692073991401e-24
