67717	3.4470385672538875e-09
64476	3.4089041989299837e-09
65289	8.950527462945931e-10
23398	6.598736702515175e-10
26073	4.404384613627606e-10
16953	2.8848493364559073e-10
61540	1.981691996092116e-10
51139	1.8103144236904023e-10
11402	1.1750484587117867e-10
16575	7.828034207860368e-11
4933	4.642713226291989e-11
24340	4.001063726157956e-11
78626	3.517251850852338e-11
34684	3.271813177582907e-11
29314	3.213816124970823e-11
82229	2.592894206809687e-11
25832	2.2991590400382397e-11
58504	2.0237719458774534e-11
15776	1.7225072184734906e-11
73598	1.545065752297592e-11
58676	1.4393568772858529e-11
56519	1.3487403764535173e-11
55187	1.2714285877485508e-11
68812	8.864244023320134e-12
67144	8.700351252865438e-12
62293	8.255555659149397e-12
58651	7.164565013715956e-12
56735	6.741226874272716e-12
29729	6.117853603715286e-12
75624	4.990387818439634e-12
31530	4.115484880158011e-12
59340	3.7550593997518874e-12
51841	3.508119160044603e-12
58582	3.4171720100775305e-12
61554	2.9609314420455025e-12
58428	2.558770830983503e-12
46566	2.4534826304061314e-12
51780	2.317487856292875e-12
17498	1.9676111426306316e-12
49766	1.391023532760305e-12
