58438	5.821025542096262e-22
59659	9.732012700800951e-23
73397	6.57167555422844e-24
75562	2.2248605176051464e-24
26253	1.611140293926162e-24
43806	1.4077586238528255e-24
73337	1.365288875205137e-24
3169	3.4082978232316e-25
66785	3.366149070876999e-25
5870	3.236672427626916e-25
56579	3.1169789907741294e-25
10616	2.771972275666277e-25
74778	2.5978380096677305e-25
74790	2.0151511659840758e-25
13142	1.9153310411221923e-25
84627	1.904230870096977e-25
21172	1.6991757605918487e-25
69112	1.5444960781354847e-25
60928	1.1206483155029464e-25
46142	1.0709304193130485e-25
74917	9.4667127550904e-26
53308	8.021113594255003e-26
14567	5.480909856238428e-26
54608	3.8324034623381594e-26
73372	2.459818816134249e-26
14098	2.3227155850427997e-26
26301	1.4223661728846895e-26
12890	7.155017481842504e-27
12892	6.961291269190646e-27
15065	4.698963124832502e-27
49545	1.827546633916399e-27
