4157	8.488473367397013e-28
45422	7.583233052576551e-28
46485	7.047853696414663e-28
46968	7.047853696414663e-28
18100	1.3980877605075985e-28
18163	1.3980877605075985e-28
18164	1.3980877605075985e-28
19440	9.428027946086509e-29
18859	9.423301216980542e-29
52020	1.2508467205066754e-29
10710	9.76043080298817e-30
18798	7.282207870109207e-30
7776	6.952183073118553e-30
28923	5.889527123628157e-30
18706	5.569574380483222e-30
75763	5.422569066065282e-30
57753	5.306000975337399e-30
27440	3.9700507169558614e-30
23643	3.920269594852246e-30
11807	3.4871390979570564e-30
22660	3.1819789751445396e-30
13057	2.7068393102390836e-30
46228	2.6733787704570097e-30
8928	2.518317732442519e-30
22382	2.2134743300480726e-30
47049	1.1945683926970715e-30
66338	1.1945683926970715e-30
49617	9.43434129599424e-31
12851	1.3037774701935858e-31
18648	1.3037774701935858e-31
19990	1.3037774701935858e-31
30059	1.3037774701935858e-31
32520	1.3037774701935858e-31
37856	1.3037774701935858e-31
39303	1.3037774701935858e-31
39410	1.3037774701935858e-31
49650	1.3037774701935858e-31
50034	1.3037774701935858e-31
54232	1.3037774701935858e-31
54771	1.3037774701935858e-31
56209	1.3037774701935858e-31
61895	1.3037774701935858e-31
64858	1.3037774701935858e-31
65283	1.3037774701935858e-31
65899	1.3037774701935858e-31
6630	1.3037774701935858e-31
67401	1.3037774701935858e-31
68969	1.3037774701935858e-31
73312	1.3037774701935858e-31
77444	1.3037774701935858e-31
78879	1.3037774701935858e-31
9871	1.3037774701935858e-31
