27441	3.7026033177871545e-16
64153	1.0854803330656397e-16
27911	9.983395254390662e-17
56691	6.554523981894653e-17
77124	4.206022631100429e-17
27921	3.7827960515080615e-17
12919	2.9121913075499077e-17
13217	2.9121913075499077e-17
27845	2.841547614956384e-17
41481	2.6872393940455067e-17
58800	2.4562448105500867e-17
64694	2.2377039104083043e-17
82440	1.3380218584788658e-17
17450	1.3171085310787206e-17
77719	1.2897342076510525e-17
74003	1.1909441554725148e-17
33285	1.1098460363108644e-17
33229	6.797368807711576e-18
67613	6.034006482815113e-18
66693	5.897437106900161e-18
45740	5.792574957729464e-18
80840	4.961178389841866e-18
77181	4.261339076869092e-18
29928	3.846597847517865e-18
73146	3.584917399561727e-18
44101	3.544915702310734e-18
34675	3.410777134630421e-18
81325	3.3148547835727173e-18
29922	3.277432378794374e-18
29390	3.0062658626779956e-18
58581	2.7686561922727574e-18
61777	2.6606394798830184e-18
63648	2.2265438261682593e-18
36398	2.0121819718924983e-18
16007	1.8150182400179462e-18
76089	1.5553488413563265e-18
76092	1.5553488413563265e-18
75754	1.479942900529758e-18
48893	1.4481340961275783e-18
74497	1.3397872112707722e-18
49752	1.032561970622334e-18
27402	1.0318935134720812e-18
24789	7.617778303471973e-19
84758	7.56137070444364e-19
30473	6.5202452854174045e-19
70409	5.600270189647889e-19
33736	4.857922286329498e-19
59813	4.527827638773355e-19
81420	4.1569640824091886e-19
6661	3.610875589999368e-19
23293	2.9081674654377055e-19
15581	1.9921178046115905e-19
15582	1.9921178046115905e-19
10397	1.9616260241273628e-19
10398	1.9616260241273628e-19
55718	1.9434212443596717e-19
46876	1.8038715656284106e-19
86421	1.190858028355426e-19
67058	1.188833654479347e-19
83609	1.172020104786358e-19
86492	1.172020104786358e-19
63415	4.5512275356094e-21
