82290	9.412208381344743e-23
19961	1.5402901846128677e-23
10810	8.205117477341007e-24
26058	4.304153150295551e-24
5176	3.6951987211878954e-24
5177	3.6951987211878954e-24
2829	2.4736109451881288e-24
8780	1.2416221567570874e-24
10759	7.827436386254987e-25
54925	6.443648329413251e-25
54814	5.200512773788794e-25
49600	4.421209019752036e-25
33970	3.890189410942221e-25
80518	2.7694876386457987e-25
83932	1.4216989539527089e-25
82981	1.2778587628374667e-25
22169	5.34501415249706e-26
49460	4.988902873683788e-26
32662	3.4976135196010645e-26
22662	3.077460253454695e-26
82392	2.8760350021702205e-26
14942	2.2608638291742587e-26
81929	2.09341658590714e-26
43241	1.6908453815592975e-26
50264	1.6287018008883025e-26
84420	1.2745635712368375e-26
84272	1.1115787531705473e-26
63369	1.0986767679515147e-26
14838	7.672657498492139e-27
54765	7.602883511239813e-27
50314	7.209995303498746e-27
52263	6.743694116291372e-27
58553	4.426275864119481e-27
58507	4.0090274183258545e-27
79295	3.352002139327327e-27
57755	3.345469493819271e-27
8938	3.2265349245085526e-27
77920	1.8669688359283815e-27
80449	1.8669688359283815e-27
61652	1.7448303373494413e-27
67204	6.309675138734952e-28
5650	5.616248438617609e-28
49709	5.063225427847383e-28
76353	4.562871275245748e-28
78878	3.720169544548262e-28
56511	2.3211529994450104e-28
76314	2.096290637086196e-28
35073	1.9113487683870733e-28
84364	1.3425208540314206e-28
52301	1.2080397407154654e-28
44714	1.1283073136201322e-28
85265	6.400947188489429e-29
63616	5.732403815469421e-29
