31619	3.0377448424301693e-10
58009	2.2895738965757862e-10
25903	8.326118463671393e-11
84829	6.547950782457287e-11
51453	4.4298475876123813e-11
24044	2.1578811348737013e-11
51260	1.3547788205107448e-11
52489	1.3008240642699643e-11
61165	8.208723772779213e-12
83678	6.286213831328415e-12
66880	3.850627022966948e-12
66895	3.82056637284565e-12
9133	1.859676837465017e-12
8622	1.8480801447577914e-12
60293	1.3142080109800423e-12
75205	1.2060099252010848e-12
52661	8.048712773929295e-13
85344	7.713899117173682e-13
85663	5.826862813978585e-13
55609	4.566650743670905e-13
68709	4.168921553612861e-13
37202	3.2331227642275506e-13
41074	9.697954596677307e-14
43605	9.697954596677307e-14
46152	9.697954596677307e-14
46157	9.697954596677307e-14
46161	9.697954596677307e-14
58199	9.697954596677307e-14
60154	9.697954596677307e-14
60224	9.697954596677307e-14
61161	9.697954596677307e-14
75183	9.697954596677307e-14
85759	9.697954596677307e-14
