27106	5.5759376465571034e-18
81463	3.0040950860578336e-18
14314	2.772554256959569e-18
26432	2.370384041349167e-18
61141	1.9017553853353657e-18
27426	1.4988934227197054e-18
59459	6.673507211121352e-19
42847	5.938492862188799e-19
20159	5.602246489522346e-19
83370	5.201839714157632e-19
26385	4.1763848405322984e-19
68724	4.0026487962021066e-19
14069	3.818110954950505e-19
72569	2.420132386830463e-19
26386	2.403642693475734e-19
2738	2.3658728768273116e-19
22021	1.9437802996600072e-19
16391	1.666905382553189e-19
79396	1.578715061531988e-19
54533	1.2500297687102937e-19
54540	6.994449535943409e-20
63966	6.507374411337593e-20
80988	6.178355807852764e-20
9272	5.456187856136061e-20
75108	4.742433464488773e-20
55692	4.2289743434148696e-20
66866	3.995022118634277e-20
6062	3.692543202921791e-20
34793	3.2832685834076806e-20
46874	3.256670608907478e-20
26258	3.0573034903086184e-20
84873	3.008913790133545e-20
56704	2.993108861587294e-20
46863	2.9515950459654005e-20
82912	2.7513090934036377e-20
26642	2.729144114653469e-20
78569	2.6694691718645544e-20
83883	2.6035425684025144e-20
77171	2.41883441215111e-20
54609	2.3869532783323755e-20
29311	2.3523394759006046e-20
46864	2.3523394759006046e-20
46865	2.3523394759006046e-20
53387	2.325741501400403e-20
59022	2.212615938969163e-20
78586	2.160242993399145e-20
71622	2.0513623960298967e-20
27537	1.9755348371477407e-20
85889	1.9533698583975726e-20
26644	1.9052273540796892e-20
39658	1.8499332908967864e-20
29339	1.6740911261454496e-20
19146	1.635491626565888e-20
37101	1.5302202640761744e-20
43566	1.4827903095478418e-20
49104	1.410327879018445e-20
31553	1.383413261964669e-20
24107	1.3327504533928552e-20
70200	8.73032375611583e-21
31472	7.564610058884746e-21
72468	5.608876639752236e-21
21894	2.559354857483067e-21
21897	2.5341235773247728e-21
9117	1.4219743871048458e-21
