34033	4.232473546732909e-20
68177	1.0942619117416582e-20
67199	8.756696998532153e-21
51080	5.85376519807555e-21
51082	5.85376519807555e-21
13902	4.3146274263936e-21
51488	4.03975481497133e-21
82059	1.8611241319938726e-21
65019	1.2505558773933394e-21
65942	1.0390725705204313e-21
41275	6.751593097243366e-22
62324	5.514158196238118e-22
63279	4.500992204421798e-22
64393	1.8024263219764812e-22
26074	1.5718450213950393e-22
63311	1.257992438612103e-22
63307	8.896536619930098e-23
62314	5.1222667481566586e-23
28125	5.1077400078049215e-23
38614	5.1077400078049215e-23
52752	5.1077400078049215e-23
71547	5.1077400078049215e-23
82567	5.1077400078049215e-23
13151	5.0819873287093866e-23
35105	2.9727474527487655e-23
36308	1.7668026313736134e-23
