75483	1.94717870296256e-27
69863	4.38021679961994e-28
15776	1.2123346995892394e-28
46458	1.04078245310895e-28
60528	3.822937354396832e-29
18235	2.5267311218590106e-29
70556	6.683073781038794e-30
47530	1.9376475299056247e-31
68037	1.6321867065388142e-31
11715	6.315474189446028e-32
60483	4.5691001968743896e-32
4063	1.0333646051819492e-32
73550	7.978162974111917e-33
22585	7.201924232594648e-33
22584	7.066941143852832e-34
21688	6.988603076494419e-34
70456	6.206192413650237e-34
11352	2.157755589392266e-34
11732	2.157755589392266e-34
14554	2.157755589392266e-34
19930	2.157755589392266e-34
4075	2.157755589392266e-34
6985	2.157755589392266e-34
8125	2.157755589392266e-34
