74036	9.297660657908227e-13
25328	3.266374898825399e-13
7225	2.780940120577798e-13
19285	2.2560917957981866e-13
61262	1.4049158625941848e-13
9981	9.9051190688357e-14
4528	9.509688245457147e-14
65604	4.789075954676726e-14
68716	4.182775936226372e-14
4546	3.1817244616716405e-14
2345	3.091246485948833e-14
2346	2.985402476594548e-14
53830	2.2476858735989415e-14
68718	2.0040093286970095e-14
21511	1.4162733416007376e-14
78447	1.3493850425274626e-14
2415	1.2117051515334884e-14
65633	1.1076224848747915e-14
69236	1.019645654010813e-14
79988	1.0042954801939901e-14
30653	9.023975872605953e-15
46194	6.2837339658405685e-15
2725	5.6471332289096965e-15
20350	4.2337961920625275e-15
14377	3.864845533919867e-15
74846	3.785446231835665e-15
13147	2.431708765641259e-15
75278	7.892087957363786e-16
79951	7.717201079740208e-16
78418	7.638759786629649e-16
12109	3.551911145066718e-16
11302	5.232897981034264e-17
57243	5.232897981034264e-17
