13264	1.7606307458536463e-17
72320	9.127351498705986e-18
6163	9.032030026257208e-18
38920	8.234072706161076e-18
38356	5.102319101144377e-18
42439	4.2231999341698124e-18
71167	3.817391390327387e-18
53296	2.7177706007700057e-18
85147	2.101234652790544e-18
78595	1.929759898671424e-18
75434	1.8672393443503936e-18
16827	1.1658832513651833e-18
41791	1.1170707843854462e-18
18552	6.076999398629493e-19
23408	6.076999398629493e-19
6304	4.32257993103878e-19
30597	3.382753673088361e-19
59210	3.091396434756365e-19
27404	2.645545962638222e-19
60008	2.6347608292586917e-19
25590	2.4653957623081555e-19
26495	1.551416854021397e-19
28185	1.4756318122721837e-19
86950	1.1520173566414662e-19
21659	1.0250741335530543e-19
25645	1.0250741335530543e-19
54109	9.920702949252607e-20
58418	9.567932080860033e-20
15458	9.367688454750142e-20
19413	9.360607528937156e-20
19408	9.234283766037175e-20
83813	8.519099371370653e-20
83809	7.372847789940503e-20
83804	7.215274015596719e-20
69330	6.593766818386832e-20
83267	6.500552104413639e-20
64271	6.376904146660116e-20
3595	6.175331657404552e-20
14956	5.324734101958174e-20
29675	5.138085173101524e-20
53133	4.771115712039437e-20
79578	4.746025038495995e-20
75429	4.4730772535190045e-20
79565	4.441682869567693e-20
82926	4.342471054508162e-20
13285	4.0998095066718664e-20
3601	3.844568355572299e-20
72796	3.5722405181762863e-20
75433	3.538088735497371e-20
82908	3.370153807989232e-20
75431	3.2973996445962656e-20
69331	3.242374915866635e-20
78584	2.7071561379872477e-20
85987	2.6254434233260323e-20
80283	2.2289401754914142e-20
8052	2.1698284532787695e-20
4839	2.123703156041095e-20
83264	2.073200610505388e-20
82164	2.0096452534462348e-20
60334	1.9423272540246308e-20
82163	1.840209584703054e-20
76441	1.8188524608282682e-20
12741	1.517978586839597e-20
78572	1.480421574587572e-20
78574	1.4642790045025925e-20
76397	1.4332058418008507e-20
82907	1.4102864892112112e-20
61409	1.3665351806763083e-20
22546	1.3121896739716179e-20
39858	1.2646133653939617e-20
75435	1.2299048536534479e-20
53185	1.0863973813540811e-20
68777	9.992547930612247e-21
68775	9.966015123126961e-21
9456	9.638972455892453e-21
46387	9.304434792223334e-21
80280	8.246993159433531e-21
78580	7.861205046440098e-21
4046	7.564240427268005e-21
22541	5.6252962802828605e-21
56638	5.481970658113478e-21
32982	4.456608954509714e-21
81474	4.2192587249608694e-21
26529	9.97926193099997e-22
42441	9.97926193099997e-22
54671	9.97926193099997e-22
7486	9.97926193099997e-22
78577	9.97926193099997e-22
78582	9.97926193099997e-22
79552	9.97926193099997e-22
82190	9.97926193099997e-22
