16841	9.703555430927167e-13
2800	1.4242241058621788e-13
16723	1.574167701279649e-14
49023	1.5569146226760414e-14
73731	1.5190564428419492e-14
55891	9.7522043532812e-15
35782	6.242591679549589e-15
68829	5.7547718332786486e-15
8085	4.790744298254309e-15
6409	4.390931701595762e-15
76556	3.550544607783495e-15
6386	3.2207086226333515e-15
51441	2.2256314523604623e-15
41521	1.6436245452838742e-15
31281	1.3446885976822e-15
32528	1.3228354150681503e-15
32963	1.313870689883776e-15
67135	1.2208095229890483e-15
7914	1.212896644580823e-15
76481	9.97451801943383e-16
53259	9.21124732792789e-16
50516	8.81781396139244e-16
47424	8.431134098818897e-16
56686	8.394758615322886e-16
86068	7.725887781046431e-16
70619	3.1346358983405474e-16
70606	2.7454846095456013e-16
3648	2.569826041686771e-16
44597	2.569826041686771e-16
61487	2.442918147969503e-16
46632	2.0803241659201652e-16
59301	2.0803241659201652e-16
49731	2.0274050442156673e-16
55974	2.0274050442156673e-16
70854	1.9724024925228032e-16
75558	1.875756217838598e-16
19526	1.7816450552829137e-16
6399	1.7711650864886243e-16
41355	1.5208934507583294e-16
53364	1.5085166650246605e-16
64336	1.3855473099933692e-16
67169	1.3721086860876284e-16
61644	1.2740857823045785e-16
25029	1.2231666285374106e-17
