77381	1.3858337899215085e-16
77907	9.877319846609137e-18
82519	6.954801075288441e-18
69164	1.9300134254319674e-18
80922	1.0071111793774246e-18
76899	8.515365128637559e-19
79949	4.607923236682485e-19
25833	4.436295394725479e-19
9011	3.3530172917939867e-19
73371	3.0240436551733336e-19
7970	2.8753986436593005e-19
27974	2.5448220672751366e-19
82085	2.1502429603022624e-19
82106	1.7720119159718512e-19
71913	1.1899680038488527e-19
22472	5.0933792930706694e-20
28549	4.9799419803149786e-20
27960	4.7826579301888614e-20
39122	3.29513619223794e-20
18877	1.660127619572046e-20
22987	1.6431512961364288e-20
40800	1.270537640178979e-20
71111	1.1017701378025747e-20
69142	1.0687856865647115e-20
26276	9.914221554795414e-21
74777	8.667167620885212e-21
63141	7.172938444197606e-21
57024	3.951568915060354e-21
34010	1.6621115723772711e-21
36858	1.6621115723772711e-21
38588	1.6621115723772711e-21
39620	1.6621115723772711e-21
48375	1.6621115723772711e-21
68664	1.6621115723772711e-21
74778	1.6621115723772711e-21
86448	1.6621115723772711e-21
