33961	1.3515726133182326e-30
48148	1.9755766915267993e-31
49633	1.9246041016885667e-31
80483	1.6450934275786762e-33
80484	1.6450934275786762e-33
80884	1.6450934275786762e-33
40239	1.9661960753757626e-34
5225	1.3263982095553045e-34
5226	1.3263982095553045e-34
2493	1.2347896160961218e-34
2494	1.2347896160961218e-34
5004	1.0654493047419845e-34
64966	8.265632207119413e-35
48587	7.824239501571412e-35
15744	4.3972954066815755e-35
65210	3.7389693979903964e-35
51493	3.408684507270918e-35
3008	2.533448535893101e-35
86042	2.2252565104175262e-35
86961	2.2252565104175262e-35
62213	5.970595975314099e-36
5223	4.083422487895939e-37
59813	1.107976756976924e-37
52175	8.282066998301213e-38
40259	4.712238496540412e-38
50202	4.712238496540412e-38
80118	3.975883947597333e-38
31141	3.9000209259876805e-38
27966	3.8503990378949676e-38
22961	3.58271001705643e-38
7937	3.4542278421191356e-38
6635	3.385219777221457e-38
26711	3.084967849767194e-38
28198	2.530381523808672e-38
17650	2.002119935582683e-38
25263	1.8289343462149908e-38
38229	1.1005283639050508e-38
