13690	2.686253257541563e-30
40234	1.9680100244683005e-30
86541	3.7845724497662977e-31
13685	1.3728384025162518e-31
17030	1.435981301938509e-32
17217	1.435981301938509e-32
86209	4.162768149546835e-33
79404	1.3306261999467948e-33
36588	6.675206437358182e-34
25500	5.920192360096561e-34
37816	1.6001345987996551e-34
43262	1.3296582410589266e-34
76103	8.564257335913652e-35
75767	6.959719776969304e-35
86259	6.844445315637057e-35
47661	6.796707844112796e-35
24251	5.002286349849429e-35
47712	3.488380482925906e-35
7722	3.042112064591917e-35
37815	2.2197860979079137e-35
2323	1.4570330991161693e-35
4053	1.4570330991161693e-35
43200	1.3933237608829446e-35
43868	1.2918602056610458e-35
2451	9.943387369418243e-36
36580	4.3706569547398115e-36
38335	1.8483569949481442e-36
65408	1.3446730952851315e-36
43994	1.1737258323691996e-36
30405	1.144864606162614e-36
56691	1.1264425468818142e-36
67741	1.0626101114738443e-36
84403	1.0316010730844426e-36
5316	9.961855620680807e-37
43612	9.885329642102738e-37
86289	9.885329642102738e-37
86276	9.173049379953021e-37
86255	8.95936530130811e-37
35765	8.716636784789127e-37
67983	8.716636784789127e-37
18151	8.391838769853337e-37
85209	8.000623461724288e-37
85642	8.000623461724288e-37
78846	7.872363683853541e-37
38143	7.718179057264241e-37
13607	6.4738820707541015e-37
80504	6.181472278924218e-37
82337	6.181472278924218e-37
81997	4.899367807054729e-37
35766	4.594104837561996e-37
33766	4.3192836046391716e-37
33767	4.3192836046391716e-37
35652	4.3192836046391716e-37
38629	4.210064327555006e-37
12556	3.992829291591456e-37
12557	3.992829291591456e-37
24446	3.313969804205364e-37
24826	3.313969804205364e-37
18364	3.0412453840554723e-37
31267	1.8648950173760165e-37
31268	1.8648950173760165e-37
32579	1.8648950173760165e-37
86042	1.8378577348330443e-37
86961	1.8378577348330443e-37
25467	1.5439979770932608e-37
12293	6.256862341564378e-38
23253	6.256862341564378e-38
69316	6.256862341564378e-38
