71102	1.533281891382938e-14
79525	6.006894512805659e-16
67204	2.247040678811013e-16
21113	5.4924080246454555e-17
58507	2.306860271053886e-17
9544	1.7623369595244262e-17
48566	9.312970525181436e-18
35853	4.12104941279171e-18
79033	3.1161073445679002e-18
62586	2.1227502673964306e-18
54844	1.928004543688111e-18
81694	6.003284104206749e-19
24747	4.6559264009239265e-19
24839	4.6559264009239265e-19
65692	1.0094219287075488e-19
50076	9.488680253302481e-20
41231	6.534182110497916e-20
37425	4.633840577221018e-20
5166	9.445910295163048e-21
42485	5.9905267178289594e-21
73930	1.460780179475029e-21
