82244	2.6886348355179797e-17
8169	1.4609838954018029e-19
52836	1.3581636191813696e-19
50193	1.2547648806803333e-19
16169	4.652406497186198e-20
48364	4.25271712098914e-20
17654	3.359218042672816e-20
14501	2.5879442644915987e-20
4300	2.0712135735055047e-20
29892	1.8195788271888858e-20
6237	1.5530701294953598e-20
32232	1.4331958657879397e-20
32472	1.4219076879132604e-20
11106	1.0691528308317218e-20
51917	1.0291475917010544e-20
67785	1.0223952447239984e-20
28025	9.97593733198104e-21
27970	7.429241880638166e-21
35545	7.300179454763298e-21
54291	7.197207650420134e-21
29910	7.187406905808292e-21
26072	5.469194493297807e-21
41447	5.2672171949633905e-21
17317	5.22955584262166e-21
41461	4.739475744360073e-21
45735	4.535747545028635e-21
35017	4.406293331155503e-21
22691	4.369707628489063e-21
45707	4.351706327136043e-21
40278	4.289352392536626e-21
19026	4.201547988133084e-21
19028	3.927587505439166e-21
33155	3.15499047096191e-21
18001	3.1507069377220137e-21
21077	3.063007811623139e-21
22862	2.9446376803752667e-21
44236	2.9180181721754346e-21
18525	2.818278508583107e-21
33147	2.5801359166504256e-21
17689	2.4861857853397342e-21
12850	2.3500670024909256e-21
17648	2.072465950809958e-21
7057	2.046433016638246e-21
86381	2.040259969121482e-21
45721	1.934189188824526e-21
17647	1.5912736949533144e-21
79732	1.53196420272868e-21
29271	1.5098827929216062e-21
6299	1.4689512273911782e-21
3781	1.4197054262524289e-21
14505	1.3819089668649923e-21
29984	1.332776370372693e-21
26068	1.2928714356772347e-21
29895	1.1952614184866114e-21
28622	1.1948049198112071e-21
29684	1.1936191380366576e-21
29958	1.1905963681921962e-21
7773	1.1827554191333779e-21
33759	1.1609451445032834e-21
17278	1.1563354130160419e-21
14673	1.1404628045126941e-21
17361	1.1308027362440343e-21
29196	1.1215814460030427e-21
17651	1.0300545444434345e-21
11606	9.949818586814128e-22
14512	9.89478711066678e-22
60586	9.692268183807423e-22
12097	9.278559104828818e-22
15211	9.278559104828818e-22
29200	8.695703985386829e-22
17371	8.46457956744556e-22
17318	8.324855252993632e-22
68048	8.289644330440666e-22
43860	7.9336271725282295e-22
17653	7.422705031409029e-22
17652	7.061177688564276e-22
14502	6.071491163668292e-22
17687	6.006466628013471e-22
18536	5.900578686007167e-22
14504	5.801620133391215e-22
14507	5.14612709921224e-22
86184	5.0425894736757e-22
8796	4.550507425426772e-22
14503	3.9846687353305774e-22
17688	3.732177786660651e-22
69370	3.676931903874753e-22
17305	3.4736270552226473e-22
15641	3.2533801358495314e-22
29248	2.189687627513463e-22
29916	2.152145538983955e-22
14506	2.0329397321067533e-22
76651	2.0286762028332067e-22
21738	5.0029364368559063e-23
27378	5.0029364368559063e-23
36575	5.0029364368559063e-23
