84529	1.760811242622431e-16
9544	7.306268931472911e-17
43241	7.022651925661478e-18
61677	4.487502970216462e-18
20763	2.919828404931529e-18
2906	2.895110973742817e-18
63176	2.209811039961573e-18
80908	1.850967985583454e-18
35104	1.6988417226737101e-18
26058	9.617679725489357e-19
28903	9.229431682391796e-19
64892	5.361687573195509e-19
37614	4.566541816823336e-19
63369	4.538193642975465e-19
43173	3.790690655078331e-19
57755	2.8203781782567677e-19
47129	2.1478281258243853e-19
50269	1.5166854683674605e-19
28826	1.384223429148106e-19
33112	6.212016368204344e-20
72892	5.623108738397518e-20
64442	5.3515957775731905e-20
13367	2.3982112715562924e-20
26651	8.609544479843093e-21
2798	8.609544479843093e-21
49709	8.609544479843093e-21
53426	8.609544479843093e-21
59350	8.609544479843093e-21
68843	8.609544479843093e-21
69421	8.609544479843093e-21
8300	8.609544479843093e-21
83223	8.609544479843093e-21
