76605	4.3093877805703367e-32
43604	1.2311404496290051e-33
50020	8.319909916883899e-34
58137	6.814254759085134e-34
9611	2.158678883169777e-34
46714	9.467784593134445e-35
79396	8.379655432516037e-35
5671	4.693521260760038e-35
62221	4.5291416655058704e-35
17078	3.767272919692345e-35
20316	3.767272919692345e-35
15606	1.6187804804622395e-35
57152	1.4737095643893274e-35
38068	7.677369245688554e-36
61561	6.146048631176295e-36
81480	3.739012714445494e-36
35782	2.0527419725777597e-36
80477	1.2926893921744902e-36
53345	1.1734716293835223e-36
61647	5.171132722694227e-37
48443	4.71269065076999e-37
44746	4.1425964817594294e-37
77790	4.139347723451299e-37
52066	3.4321154867277443e-37
75452	1.8591546343111138e-37
39400	9.383918140942166e-38
58894	9.383918140942166e-38
86068	8.422061079332112e-38
70456	7.08997360927395e-38
79601	7.054811028109679e-38
67715	7.019890945736333e-38
44554	2.754888298957453e-38
62192	2.5947673974765743e-38
65206	2.50938646978772e-38
3627	9.184655768578368e-39
4075	9.184655768578368e-39
6985	9.184655768578368e-39
8125	9.184655768578368e-39
29045	8.865935820318631e-39
19930	8.696201859825873e-39
11352	8.484878217736804e-39
11732	8.484878217736804e-39
14554	8.484878217736804e-39
22584	6.983503825002398e-39
21688	6.764080402403361e-39
28761	2.293108588032439e-40
