10706	2.525832746747107e-16
59095	1.641527031476395e-16
60141	1.641527031476395e-16
40234	3.6792902254715e-18
67104	2.5932454622429503e-18
58487	2.3992275007499594e-18
62401	1.8629731637875187e-18
62215	1.700657658717821e-18
70010	1.2097134680187087e-18
40292	1.1750112617061464e-18
75738	8.167008629222651e-19
13519	7.627596064224714e-19
15334	7.627596064224714e-19
59087	3.1601490094601983e-19
26026	2.809407207097679e-19
26144	2.809407207097679e-19
56741	2.195241439555637e-19
68825	8.47178462213014e-20
5166	7.521898218248309e-20
77429	2.846030473846332e-20
78729	2.846030473846332e-20
24747	1.1749299741287865e-20
24838	1.1749299741287865e-20
24839	1.1749299741287865e-20
48267	1.1749299741287865e-20
48284	1.1749299741287865e-20
49809	1.1749299741287865e-20
50165	1.1749299741287865e-20
50177	1.1749299741287865e-20
50190	1.1749299741287865e-20
59349	1.1749299741287865e-20
86898	1.1749299741287865e-20
