71102	1.4192831988021303e-32
9544	8.670541034492393e-34
54925	2.63249017253568e-34
67204	2.3892070037840493e-34
54814	1.5006838743733468e-34
35853	1.224839119402332e-34
54844	1.6201200643006837e-35
84398	2.600111960891771e-36
8780	1.602826322875261e-36
74695	4.614334052768424e-37
57569	3.1306988349114795e-37
6939	2.595546046614161e-37
32662	2.3308781908708027e-37
64967	2.0272258266556557e-37
10759	5.71642045376843e-38
79525	2.812623126259194e-38
32575	2.680099433925268e-38
48566	2.362706887726849e-38
81694	2.357743530209093e-38
35755	1.7644511424008833e-38
78878	5.5365090068463224e-39
60811	5.190630131441149e-39
65692	3.6136929941489203e-39
74681	3.5452831002050354e-39
62586	3.1678799380833415e-39
82290	2.831986641519208e-39
13884	2.6611783105392867e-39
58507	1.9767087319876395e-39
85806	7.787805205576288e-40
4786	5.855197993071836e-40
37425	5.063411215041333e-40
61652	3.2591732952293935e-40
73186	3.1406402655818713e-40
62187	1.2359157497887746e-40
5650	1.089839197223171e-40
49709	9.832263162507744e-41
28762	9.314429169213242e-41
28126	8.498448331294636e-41
77779	7.378474632190667e-41
28903	6.842835036967029e-41
60471	6.757275207197883e-41
37672	5.960322776635718e-41
74652	5.147385167796669e-41
56511	4.5460411476263844e-41
85281	2.2739791189668018e-41
61461	2.032185087411337e-41
86304	8.486279758076975e-42
