9843	2.129161794761421e-28
86326	2.563710503737598e-29
85553	2.0233789839556399e-29
67115	1.040145928444347e-29
48981	1.0023788688522e-29
7486	8.762891063025125e-30
54492	6.800418689009454e-30
54214	3.560419627809269e-30
68780	5.723491249555848e-31
71676	5.113831658159276e-31
39184	4.8601927811258155e-31
65789	4.220010186672947e-31
4017	9.219567259659071e-32
66981	8.996531292472893e-32
37594	8.271331532988154e-32
83765	7.655724487341563e-32
72704	7.49810636160712e-32
83222	6.560095518805325e-32
71577	4.451209971017095e-32
80078	3.1891047566215147e-32
82634	3.0564911755944296e-32
69307	2.7662662165625505e-32
78520	2.318223559750754e-32
75872	2.2984915141017617e-32
86229	1.7543082071526544e-32
65757	1.470377377152927e-32
66987	1.3651151300363815e-32
64294	8.852496118723776e-33
64800	8.773920518709941e-33
65174	8.190084109676982e-33
68370	7.878297360772345e-33
74189	7.775650642406606e-33
53131	7.094187041757279e-33
79565	6.662125530871363e-33
68719	6.467438278919805e-33
70329	6.1285587250853815e-33
70633	5.8794298954191986e-33
55419	5.827791709704685e-33
70650	5.030889135809816e-33
64122	4.766029038972914e-33
65683	4.60883786343228e-33
53133	4.5644177881956186e-33
69276	4.5163664100304625e-33
65677	4.48103014161707e-33
78577	4.4793866330388776e-33
68140	4.365146152435814e-33
83252	4.085335407910436e-33
71706	4.0334949454411646e-33
35258	3.872500251389751e-33
81732	3.7315192167680284e-33
65932	3.4586247239980135e-33
85099	3.2858481113067164e-33
81715	3.0632021145739428e-33
68784	2.7795284824636316e-33
68722	2.638116252488325e-33
9420	2.5227928893967277e-33
9343	2.509451091347422e-33
68777	2.4662047187355317e-33
71710	1.792954404105878e-33
69279	1.761330388818816e-33
72888	1.4666842438095987e-33
82847	1.3999471655671783e-33
58293	1.3842927891893263e-33
30846	1.2960123715830807e-33
58301	1.2753927796042705e-33
69325	1.0712052616322908e-33
28202	1.0184377008080715e-33
83260	1.0184377008080715e-33
83258	9.092634370338244e-34
72873	8.384924426421364e-34
61302	8.260604819908586e-34
74091	7.894264868309591e-34
58292	7.531872218302629e-34
68141	6.741973658640915e-34
62744	6.704959686838669e-34
64176	6.459365352763179e-34
68145	6.312974697483552e-34
61298	5.789571658981419e-34
64322	5.751901898846281e-34
62747	5.344837858202302e-34
68296	4.905702105265162e-34
67140	4.058942655735908e-34
75414	3.8321037623625777e-34
68765	3.653688829386195e-34
61293	3.363417902160369e-34
61290	1.3194267896118481e-34
61315	1.3194267896118481e-34
61329	1.3194267896118481e-34
61382	1.3194267896118481e-34
62784	1.3194267896118481e-34
65850	1.3194267896118481e-34
65951	1.3194267896118481e-34
65957	1.3194267896118481e-34
67067	1.3194267896118481e-34
68720	1.3194267896118481e-34
68741	1.3194267896118481e-34
68768	1.3194267896118481e-34
69282	1.3194267896118481e-34
69324	1.3194267896118481e-34
71307	1.3194267896118481e-34
77086	1.3194267896118481e-34
82870	1.3194267896118481e-34
86626	1.3194267896118481e-34
