46547	1.6438317548372516e-11
46974	1.6438317548372516e-11
61780	1.0741392756714942e-11
6146	6.979463921541411e-12
62325	2.5322973974796495e-12
22170	2.0043511176037774e-12
82330	9.925640533995193e-13
61329	2.9799173014528723e-13
22513	1.006173963774974e-13
39496	4.929198048583237e-14
18586	1.3254986349131395e-14
26642	1.3254986349131395e-14
26847	1.3254986349131395e-14
27577	1.3254986349131395e-14
30647	1.3254986349131395e-14
63261	1.3254986349131395e-14
77909	1.3254986349131395e-14
80425	1.3254986349131395e-14
80950	1.3254986349131395e-14
81463	1.3254986349131395e-14
82454	1.3254986349131395e-14
82912	1.3254986349131395e-14
83167	1.3254986349131395e-14
