44400	2.4175053414295707e-23
45138	1.5775871252353822e-24
57378	9.450671304142438e-25
18151	8.227426235341093e-25
18393	8.227426235341093e-25
13065	6.014429165863398e-25
29728	4.989136243903054e-25
36005	4.653349545970288e-25
25063	1.4354466968217605e-25
80790	1.3154561048062343e-25
33779	1.1794621178579704e-25
35214	1.1794621178579704e-25
43139	1.0020410262468943e-25
42862	9.745071119763672e-26
42990	9.745071119763672e-26
13885	6.795744976406385e-26
38058	5.758366734095658e-26
20461	4.864326718094629e-26
11825	4.8250366061428173e-26
9557	3.986596647002147e-26
22321	3.888102402578454e-26
58983	3.420148165950246e-26
77763	2.613827757711475e-26
6857	2.5240257605187355e-26
35886	2.1676848384038507e-26
56423	2.089054446570719e-26
38134	1.9332752322519022e-26
42848	1.64791175918075e-26
58343	1.196479231626316e-26
55052	1.152231179486857e-26
44009	1.1128015298847664e-26
82249	1.0772361098250094e-26
47161	9.33437585840975e-27
35785	7.366755631005563e-27
2789	6.683868423751402e-27
13069	6.4300293570739564e-27
13939	5.748228470806202e-27
45396	4.935053660353494e-27
69819	4.823662607525415e-27
70874	4.823662607525415e-27
46978	4.785457947588942e-27
46402	4.0044606467941786e-27
16139	3.8444563546470465e-27
12877	2.5365443542478322e-27
66336	2.3056706954203806e-27
40745	2.1464468295299873e-27
16137	1.1608154792987619e-27
22244	7.401201406461644e-28
16767	6.622135964512388e-28
55086	5.453537801588507e-28
11288	4.629177857200341e-28
72912	2.5860137953776948e-28
74567	2.0775875531417353e-28
17115	3.8961242891835045e-29
28761	3.8961242891835045e-29
45414	3.8961242891835045e-29
67528	3.8961242891835045e-29
77680	3.8961242891835045e-29
8751	3.8961242891835045e-29
