82679	1.7380327634647156e-18
22679	9.886423261688985e-19
52940	1.8462088285385748e-19
75243	1.0116993206334541e-19
68716	7.743974250432049e-20
66894	7.510637560753572e-20
82616	3.3181676070936324e-20
52741	3.0497604329713933e-20
74010	2.421748078197524e-20
60110	1.9654027607881934e-20
79585	6.84953591406352e-21
70303	6.340158260627994e-21
78749	4.949292115423702e-21
82598	4.360968796552781e-21
68718	4.304861388679259e-21
79369	4.171725791348122e-21
83284	3.9340068064556454e-21
78863	3.526588647389776e-21
86514	3.287335592226755e-21
82279	3.0523227181271344e-21
13248	1.703676851028808e-21
81084	1.5576294519608107e-21
71555	1.2104833487465146e-21
73431	1.0823431628861326e-21
71543	1.0711944263039991e-21
71542	9.864917031970638e-22
74017	9.035318344750449e-22
20188	8.071577326629666e-22
72816	6.259988197630469e-22
82609	5.357558265921779e-22
3541	4.801862210936442e-22
53140	4.276789151717413e-22
85143	4.1684262032404887e-22
32034	4.1092875498558023e-22
77250	3.62004959912796e-22
79559	3.62004959912796e-22
43329	3.304306114960744e-22
76422	2.7404440849273746e-22
79864	1.9853077782939991e-22
49463	1.6754458083015948e-22
67922	1.5383458763689281e-22
83291	1.461190070519375e-22
24911	9.043875444998315e-23
26903	2.652750798513113e-23
49575	2.652750798513113e-23
51927	2.652750798513113e-23
