29894	1.8228864707606965e-14
33172	6.1515307609079874e-15
11481	4.093198028628117e-15
29908	3.1382425551276087e-15
28662	2.942417145511491e-15
15082	2.9288675616068685e-15
11930	2.7530050374737584e-15
11923	2.011996187075419e-15
7502	1.5427933721917104e-15
25096	1.1206424528931197e-15
26603	1.013939200368367e-15
29911	9.402684648832972e-16
11485	7.529864226018052e-16
29935	6.224480583398165e-16
24485	6.008101341436233e-16
58755	6.003633860541776e-16
54762	5.232488879214157e-16
4881	5.222747627566609e-16
35396	5.055573870951185e-16
6636	4.932001493428227e-16
29904	4.626805350237057e-16
4306	4.608792155438072e-16
38442	4.3247054814345545e-16
4358	4.261818823054261e-16
56829	3.9377024050636226e-16
21895	3.785619162046708e-16
30486	3.478263170217646e-16
3837	3.363211183831229e-16
25699	3.338501735923088e-16
33203	3.259466570819624e-16
27384	3.0714136775668286e-16
65394	2.9194034490207397e-16
3833	2.8821660117681856e-16
71368	2.7874803383360817e-16
27870	2.702896862221807e-16
20160	2.5912256168020405e-16
49815	2.5200536165136397e-16
3827	2.391529010682065e-16
13345	2.2094270755414152e-16
24490	2.1314880919142414e-16
25100	2.0258467829835818e-16
26611	1.851481034332391e-16
61689	1.84624107063058e-16
27386	1.7799886586045688e-16
29920	1.7017332323184325e-16
25205	1.64473163473592e-16
81731	1.6085340339599763e-16
13342	1.5494414163229548e-16
64657	1.3579834596775608e-16
27892	1.2883152070450228e-16
19615	1.1952108335329772e-16
22690	1.189555296990771e-16
16954	1.155313251501171e-16
29913	1.0521046370234912e-16
53502	1.0390368947907058e-16
26598	1.0354194236792083e-16
24550	9.447495815810805e-17
24515	9.178072334885433e-17
39349	9.147171639643456e-17
65306	8.145298034632266e-17
68419	8.145298034632266e-17
12812	7.595702233218937e-17
17619	7.297534339808298e-17
6793	7.21611460593151e-17
49856	6.611081704014257e-17
73762	6.592171284913387e-17
14713	6.389075567933612e-17
4395	4.585029676010989e-17
13314	4.561310232395129e-17
11979	4.510178669551211e-17
4310	4.289693860865667e-17
76690	3.961572523208861e-17
4439	3.8820485091728765e-17
20199	3.881761147231923e-17
8333	3.8717682543433e-17
7118	3.7791650317048e-17
73598	3.755350078947287e-17
13313	3.6407143333095935e-17
53523	3.57098835324846e-17
75949	3.406081429895224e-17
15077	3.398656267038766e-17
53560	3.3680008640765036e-17
73706	3.13096315655669e-17
22751	3.124831517951528e-17
29906	2.958247427789409e-17
20766	2.7794128656513573e-17
3834	2.757459526973614e-17
23377	2.7537229191648997e-17
20201	2.693572162132654e-17
76766	2.6824913404566343e-17
12479	2.4361611363391254e-17
53515	2.3527695453889268e-17
12825	2.310591348304849e-17
73320	2.3000823135619902e-17
53469	2.2692809973537228e-17
13332	2.260637237785895e-17
13335	2.1925169025035113e-17
19601	2.088993751462273e-17
77310	2.0756166111671712e-17
73614	2.0633782379735042e-17
13320	2.0180211853006516e-17
11960	2.0108178443590132e-17
19599	2.0019095149209e-17
24498	2.0014795837584868e-17
15200	1.999740020125971e-17
8455	1.988675365235298e-17
7115	1.96027118387516e-17
9790	1.905553620393293e-17
20127	1.8870654772646714e-17
54745	1.8622183969449045e-17
6498	1.769483212662672e-17
6503	1.7064935168048582e-17
20688	1.6187166219913686e-17
6534	1.5914123386720875e-17
9591	1.5589116379502558e-17
16897	1.504313586555438e-17
9703	1.4321674523489376e-17
73746	1.4206769600426843e-17
30456	1.403424355421924e-17
73641	1.3030158303218342e-17
19634	1.2939860251598716e-17
20133	1.1979774300098683e-17
44163	1.197969864068752e-17
67280	1.1950323951325468e-17
36447	1.1739639547488339e-17
8327	1.1632397976175423e-17
17517	1.152560963164035e-17
19781	1.1443200182544425e-17
20156	1.1443200182544425e-17
3835	1.0879129069940013e-17
5862	9.49951981467293e-18
3972	9.470821334880464e-18
79021	9.21012845854964e-18
16899	9.04276355639001e-18
3976	8.544521185285177e-18
43392	7.374405485969062e-18
14707	6.7153725087611386e-18
33668	6.206498893345276e-18
19224	6.0127652822909316e-18
16922	4.97067049644233e-18
3828	4.582462163374003e-18
71001	4.5817257896893665e-18
4762	4.270990149197238e-18
28657	4.056376544313716e-18
85438	3.921193226284168e-18
66107	3.660761333018333e-18
6497	3.505160679047116e-18
53682	3.313516510915101e-18
49884	3.2441756905608645e-18
37078	3.217732255505073e-18
9726	2.815739454831182e-18
17587	2.7400709082196653e-18
44865	2.6767176584181095e-18
46736	2.513285506507615e-18
51210	2.513285506507615e-18
65036	2.111866915065689e-18
20705	1.9196272652044577e-18
65446	1.8604580743579865e-18
3265	1.758139531099731e-18
56149	1.7090974588438076e-18
64664	1.6316986676857405e-18
19033	1.501594485114121e-18
44758	1.1372275994078645e-18
44237	1.1093699153266705e-18
47551	1.0589524085881882e-18
64645	8.87289391765711e-19
26080	6.922738422403481e-19
65364	6.51135482578305e-19
64626	6.4079089522839255e-19
25103	5.831355176948677e-19
24494	4.803751974792652e-19
25824	4.803751974792652e-19
70668	4.7387497915228195e-19
26582	4.642920903418991e-19
41594	4.625539239540159e-19
6735	3.624668400481279e-19
26113	3.1506165477411896e-19
17609	2.786009102385198e-19
11083	1.8724308826257372e-19
16390	1.5994967999651725e-19
53721	1.482012200016368e-19
46832	1.2075281030910874e-19
39895	1.0737400736193524e-19
50641	1.0365896777769898e-19
42529	1.02275292613682e-19
39893	1.006196062222319e-19
22961	3.843938396555088e-20
27966	3.843938396555088e-20
31141	3.843938396555088e-20
37688	3.843938396555088e-20
39939	3.843938396555088e-20
56040	3.843938396555088e-20
6635	3.843938396555088e-20
7937	3.843938396555088e-20
