60118	1.3991095171261074e-25
59502	7.919996664696505e-26
39433	4.064184118829304e-26
36601	2.725727881022041e-26
77349	2.303593105181612e-27
62536	1.675349309372489e-27
58957	1.4792851541123508e-27
63056	6.923059394301763e-28
62835	2.1561937212037395e-28
62836	2.0226838965404625e-28
77102	2.0226838965404625e-28
77104	1.790869300894196e-28
26568	1.542078796305585e-28
41975	1.3590445080432484e-28
16170	1.3423571586603343e-28
49907	6.912501270282829e-29
80756	4.64066083971628e-29
31504	3.231623193499769e-29
31515	2.0669662077520938e-29
28455	1.8586629768445325e-29
28440	1.8412876201417647e-29
13484	1.3929368409145134e-29
73034	1.2910899825308808e-29
40119	2.1190464584316033e-30
41857	2.1190464584316033e-30
7937	1.0824062867525732e-30
6635	1.0720038438827548e-30
31141	1.0550111163706592e-30
27966	9.373778620103275e-31
22961	7.121404972148652e-31
14855	1.2821857260285676e-31
