38696	2.974984616964324e-16
34410	6.562561356257758e-17
28354	5.4061740669057276e-17
39840	4.314952539656132e-17
7397	3.379313597072663e-17
53188	2.0875428218965176e-17
45201	1.0198470214901729e-17
60740	8.175661745927872e-18
41614	6.789767826524113e-18
15462	6.607519309655851e-18
9382	5.058696370669699e-18
50474	4.69803458697117e-18
85424	2.59711636072912e-18
83869	2.4356161197993247e-18
26011	2.1889664379665906e-18
54126	2.1281048281637076e-18
19908	1.9020474203244302e-18
68798	1.8076183765434665e-18
54675	1.4284917601383413e-18
54716	1.0027490068191533e-18
86201	6.55433757465391e-19
62306	6.396037426989271e-19
6158	6.376988861502654e-19
26511	1.8053331447147134e-19
39258	1.8053331447147134e-19
48020	1.8053331447147134e-19
69372	1.8053331447147134e-19
8092	1.8053331447147134e-19
