38244	2.294544998282889e-29
84331	1.6920252089758868e-31
54157	8.116209142961164e-32
80435	3.9849484107137767e-32
74775	2.2260413780486602e-32
77921	1.2819558835418168e-32
39922	7.294281188336419e-33
72052	6.867648293455472e-33
73186	6.867648293455472e-33
76564	6.867648293455472e-33
78866	4.23577141341187e-33
72267	3.2422878711298094e-33
54175	1.066824537210395e-33
53720	8.03633339741478e-34
62470	7.113412154174942e-34
77971	6.157565394461982e-34
79418	5.376091541328098e-34
13984	2.5537701277433332e-34
53615	2.083088521036503e-34
16877	1.398888065617664e-34
44818	1.1827303872767856e-34
82415	1.06149600472861e-34
54747	8.513148403519313e-35
68865	8.450381727634067e-35
61734	7.054624833384927e-35
68853	2.362864926240935e-35
36992	2.05816560410028e-35
69461	1.8354342139132152e-35
86159	6.12668575540983e-36
86296	5.856386407814351e-36
68856	5.8237719233325715e-36
44789	2.8611697178418016e-36
36985	1.4379848754347018e-36
39110	1.367498297990094e-36
39149	1.3410873368524618e-36
75018	1.3290703495348384e-36
39150	1.2607061507814055e-36
34274	1.1595663146737078e-36
36966	1.0744832825187902e-36
44857	1.0287094171901172e-36
39153	8.766226696136057e-37
69428	8.40065608562857e-37
45278	7.979624279077575e-37
36421	6.069359438044837e-37
61698	5.483046055091206e-37
67267	5.368038429973377e-37
65315	5.101550078023969e-37
59532	4.663111658364275e-37
66005	4.597233056702562e-37
65439	4.5811761794805035e-37
67261	4.503247325481023e-37
29942	1.393886050901771e-37
37094	1.393886050901771e-37
4408	1.393886050901771e-37
54203	1.393886050901771e-37
55832	1.393886050901771e-37
61683	1.393886050901771e-37
61721	1.393886050901771e-37
64629	1.393886050901771e-37
64651	1.393886050901771e-37
66084	1.393886050901771e-37
66820	1.393886050901771e-37
67271	1.393886050901771e-37
67794	1.393886050901771e-37
68421	1.393886050901771e-37
68862	1.393886050901771e-37
68921	1.393886050901771e-37
70648	1.393886050901771e-37
7121	1.393886050901771e-37
71255	1.393886050901771e-37
