21088	2.9313295183203593e-55
48174	5.576203297586888e-57
50408	5.392360037228234e-57
20785	1.3727420677625101e-58
21089	1.1707361467985912e-58
22407	9.157927687143001e-59
74775	8.954017571854902e-59
18216	7.986426820764074e-59
18110	7.131077842007176e-59
49872	6.819589151523538e-59
40341	4.046894810909103e-59
77921	2.444661287622629e-59
37732	1.537749116611826e-59
56318	1.4255818675426322e-59
56045	1.1050092822493825e-59
56248	1.1050092822493825e-59
20837	6.508857058072156e-60
22446	6.508857058072156e-60
20823	5.231037211728966e-60
22692	5.231037211728966e-60
75463	3.78213383674384e-60
73012	3.714531302133484e-60
5014	3.584558230022553e-60
20899	2.5330448785471584e-60
65378	1.2315881017534918e-60
67894	1.1355500938786e-60
77971	1.1324150738311572e-60
20892	1.0545206247164534e-60
48342	6.358759052232682e-61
22894	6.159170486593855e-61
62620	4.871317583167623e-61
47714	4.613603081171711e-61
50734	4.0577667750987816e-61
60030	3.534245772381025e-61
56055	2.2680556492000895e-61
60088	2.2680556492000895e-61
56319	7.815139313284733e-62
25174	7.0253409317606155e-62
48181	6.896880202621549e-62
50413	6.896880202621549e-62
67787	5.205339237406444e-62
67886	3.986973823869843e-62
46942	2.481022091714253e-62
47257	2.481022091714253e-62
50366	1.8750434562712043e-62
56066	1.7553111585866106e-62
37729	1.5415025537589241e-62
2552	1.1252683200141298e-62
59382	7.780181615839022e-63
59561	7.780181615839022e-63
67968	6.179146930997979e-63
4973	4.881317564461103e-63
4955	4.692382441403685e-63
8466	4.692382441403685e-63
10228	3.445477564173311e-63
65477	3.3600091346389663e-63
47663	2.746530885330022e-63
56253	2.1281364282338295e-63
56150	1.9986382482103985e-63
56252	1.9986382482103985e-63
36554	1.1440302289704511e-63
47078	1.1188301896965847e-63
4976	1.1074133693718576e-63
47003	1.0843501420075059e-63
68024	9.09699394517015e-64
47015	8.457290815757379e-64
67551	8.448759867461483e-64
64742	7.475048594284126e-64
7576	6.844099796715827e-64
30182	4.914756117219298e-64
56244	4.592939827223476e-64
54749	3.362665435230346e-64
54315	3.265927368453087e-64
49889	2.7263645266494247e-64
21110	2.675748404614571e-64
48268	2.6054936863208498e-64
36618	2.3683954412882018e-64
38479	2.3683954412882018e-64
60709	1.8919329691596387e-64
66012	1.8919329691596387e-64
68513	1.7294315363594526e-64
46725	1.5491357613955793e-64
35333	1.20037216657e-64
69536	1.1700303457399455e-64
65544	1.1364049619257537e-64
66119	1.1364049619257537e-64
69426	1.0879332067556108e-64
44872	1.0386184065003945e-64
67793	9.694344577101509e-65
53572	5.7883550726793375e-65
62056	2.1561266198754623e-65
62544	2.1561266198754623e-65
57866	1.1778718872180121e-65
58787	4.953029971428334e-66
58956	4.953029971428334e-66
59417	2.6505965093800503e-66
59577	2.6505965093800503e-66
82540	2.8236148913794044e-67
