38452	4.69697787848177e-13
18879	1.1133462929121845e-13
60810	5.757028261373206e-16
21110	3.60798181311763e-16
26700	1.7843745765290763e-16
28014	1.406185313806583e-16
25303	1.13042274434751e-16
72354	5.186859407830766e-17
38330	4.279678342797557e-17
58634	4.238188372994154e-17
78708	2.982809405113793e-17
55340	1.7632342327796838e-17
57956	1.7632342327796838e-17
5723	9.769541272653004e-18
16921	8.010432738479498e-18
34534	3.98200388762001e-18
24474	2.47093477506706e-18
34622	2.3503615221136383e-18
18405	2.1007909721623954e-18
37685	1.7638234168662493e-18
58581	1.1142688209724463e-18
28789	9.82418932850719e-19
20834	7.279898518658238e-19
39347	1.2539466005949286e-19
84591	1.2539466005949286e-19
