23687	1.6891417943626302e-21
24287	6.571661529963155e-23
12035	3.8581737877792056e-23
12196	1.6624477646931364e-23
49904	1.1178558540384282e-23
19557	8.73535884242693e-24
12396	4.196087706096663e-24
3628	1.3713234589409846e-24
8162	1.2572777448297034e-24
29909	1.0735121922241343e-24
19416	9.953497022767064e-25
29887	7.665526548465983e-25
14541	5.1011807665967875e-25
70836	4.34534830610109e-25
54065	3.9040008241859704e-25
83863	3.3422234133609776e-25
9717	2.7998466613695157e-25
19877	2.680430521496203e-25
72072	2.5478568617556133e-25
9490	2.2959688032407702e-25
29668	2.1789653468656977e-25
12476	1.8764286476089268e-25
17369	1.4753928115343524e-25
58000	1.3309548390127899e-25
11944	1.2610255692145991e-25
32351	9.64574903668339e-26
38821	8.355221813891052e-26
29889	6.500228863603235e-26
32380	4.733803905875223e-26
8506	4.268561087701191e-26
41149	3.965479286924078e-26
15478	3.8383333688943385e-26
