14933	1.721843934108108e-15
86111	1.0261508050114243e-15
67522	8.226250169648626e-16
45159	2.58401509476549e-16
4984	2.3313146642365884e-16
59083	2.255573484383167e-16
38191	7.530295814924315e-17
15228	7.368827062251389e-17
9384	6.351458964000802e-17
71223	4.950123076387448e-17
6940	4.033050019451294e-17
75770	3.6564482190539533e-17
69725	3.1458239416109317e-17
60588	2.5124903435435967e-17
56499	2.4998560132302383e-17
76216	2.0233210580710565e-17
45374	8.62691661437395e-18
78479	7.932229233693972e-18
80102	7.055657282705686e-18
19953	7.02317667380929e-18
63280	5.828592128613257e-18
40554	5.5744999176583134e-18
46655	5.147212102435047e-18
83225	3.7483456278779454e-18
78775	2.981625047992908e-18
74632	2.7705618558671075e-18
78928	2.4728830855834938e-18
22250	1.4147084540881842e-18
66301	1.0548897752113055e-18
