13294	5.383951966440102e-25
15074	5.383951966440102e-25
17004	5.242966867002768e-25
13309	2.5637118949515276e-25
75621	1.090052414120624e-25
79669	1.090052414120624e-25
14772	9.300777460837101e-26
16992	4.951178974524364e-26
11445	4.262365516465294e-26
7289	2.4426474283849778e-26
15415	5.946584759434162e-27
49980	5.302823755469213e-27
7320	4.90663020493033e-27
3885	3.704867283272965e-27
15410	1.937239946236082e-27
14556	1.104447236279584e-27
44187	7.493563124296198e-28
47899	4.740870869256072e-28
43938	1.8273579486447808e-28
58913	1.7217536705981435e-28
79604	8.033858867208757e-29
50029	6.451318968022386e-29
9820	6.363520038501177e-29
9819	5.91637586906991e-29
62800	4.9864402300624044e-29
9384	4.91453918269347e-29
34792	4.070308676738742e-29
3868	4.0646647288050563e-29
6604	3.893692811783978e-29
14439	2.4358521626159175e-29
45221	2.2312843492562646e-29
29645	1.998017757479737e-29
46229	1.948646283560416e-29
71726	1.8840640637984266e-29
37711	1.6057518374524483e-29
10675	9.727913843368992e-30
17857	8.724678386966064e-30
75560	7.101923974882418e-30
29520	6.626502121890224e-30
13221	4.985152737678412e-30
14486	4.795212858381357e-30
46302	4.451558701858627e-30
17782	4.220521492228656e-30
81408	3.8616462095071195e-30
54296	3.853945252741022e-30
7730	3.459529618349843e-30
75389	3.270778081560256e-30
45050	2.979539994600772e-30
15288	2.881956936972345e-30
38684	2.3977237220177307e-30
17787	1.9721848077947385e-30
16632	1.575559392037938e-30
71564	1.4875928321948941e-30
34744	1.4430393817109454e-30
33391	1.208352313047087e-30
42245	9.45342294437044e-31
14655	8.770343874503706e-31
39215	4.078889237889806e-31
28141	2.8720473636638633e-31
20412	2.8193956541239824e-31
25392	2.7198360579031167e-31
75327	2.623209347876657e-31
29535	2.6124621910486375e-31
59764	2.1544797793632034e-31
77009	2.0968971954378424e-31
73898	2.0162815779423366e-31
80049	1.9908240145227027e-31
82630	1.941867161792638e-31
23121	1.8511178738052016e-31
20858	1.7521593574636386e-31
65688	1.676101389829431e-31
77066	1.5277670054778734e-31
5140	1.3499343060564043e-31
18345	1.2151638790807434e-31
5108	1.1563816579902705e-31
9993	1.1391460546384613e-31
13518	9.756588535109078e-32
57102	8.701377987670965e-32
31141	8.150675805018822e-33
68028	8.150675805018822e-33
73326	8.150675805018822e-33
