23698	4.317435356910741e-22
11852	7.057101100721914e-24
11744	6.860382418178468e-24
60421	3.7159342545612e-24
64896	3.4156701207875065e-24
15583	2.5247839048367555e-24
16678	2.5247839048367555e-24
33769	1.9797918154083e-24
3666	1.8451610382049142e-24
63379	1.2640601768265177e-24
44232	9.695098961408477e-25
75564	6.5181756276522e-25
72134	4.867981071500177e-25
72032	4.4958033368180625e-25
76550	4.4958033368180625e-25
11690	3.2446168053855344e-25
74605	3.1382683323499523e-25
85188	2.6072491147700865e-25
28717	1.846957927972745e-25
21265	1.1748038091608252e-25
8872	8.616169741212796e-26
43129	7.84018304784494e-26
77430	6.538384020492981e-26
77431	6.538384020492981e-26
78628	6.394744325767297e-26
30864	5.826030689545968e-26
5185	4.600715359318708e-26
5189	4.600715359318708e-26
37657	4.085337405431358e-26
13519	3.905990166026724e-26
15334	3.905990166026724e-26
20778	3.6787162605258567e-26
7041	3.430461944367844e-26
62309	3.385216663435499e-26
5175	3.26054150726141e-26
21673	3.104274671679018e-26
29116	3.03558896548344e-26
41351	2.7427508416040516e-26
21077	2.0009030198760675e-26
8511	1.3535999385864423e-26
8828	1.3535999385864423e-26
13600	1.346633229090677e-26
2977	9.657225628480529e-27
77687	9.429347246742827e-27
2510	8.61730543401969e-27
2511	8.61730543401969e-27
81564	1.7805059082121633e-27
12097	1.7157233485580166e-27
15211	1.7157233485580166e-27
7798	4.050309397235484e-28
7799	4.050309397235484e-28
8310	4.050309397235484e-28
