3740	3.7841909118883417e-20
64033	2.7939531384483495e-20
75201	2.751319142921125e-20
32366	2.0133241023594048e-20
49879	1.488022101332578e-20
60528	1.3052464178812162e-20
64070	1.1795803472126464e-20
66961	8.152933892675489e-21
26085	8.081285559498077e-21
26088	7.881227302194682e-21
65394	3.877939854807085e-21
58476	1.1371533861708873e-21
4933	9.095447277543954e-22
27215	6.926975402414145e-22
24214	6.698469233752642e-22
75591	5.616151505743499e-22
37136	5.491258140538201e-22
61170	4.188898190011374e-22
70233	3.8004931064420937e-22
66923	3.259038072298359e-22
56170	2.864065572738209e-22
25172	2.846878957068386e-22
16343	2.1064364672777933e-22
15875	1.725056055725514e-22
76675	1.7077737672567912e-22
58888	1.6346540937109382e-22
84584	9.930590045116397e-23
16575	9.469230494164894e-23
71345	8.554765669850166e-23
39335	8.320047506179696e-23
3972	7.239385408114435e-23
20973	6.098788139825107e-23
9846	5.584503217098792e-23
67861	5.128692824759671e-23
22751	3.683888133200645e-23
13342	2.9869040314602244e-23
24515	2.963159162102711e-23
16954	2.564651959433947e-23
39173	2.2589032134166354e-23
28598	1.8163059709103682e-23
9591	1.7516787946435174e-23
67634	1.3122692329317263e-23
26598	1.2784381956433637e-23
77428	1.2266003186334441e-23
78727	1.2266003186334441e-23
25134	1.0756568311355238e-23
68037	7.981264951941136e-24
59464	7.567564025637757e-24
73326	6.034306201563451e-24
80709	6.897861258440867e-25
80893	6.897861258440867e-25
