39926	3.856730565058523e-14
41538	3.861436300743274e-15
25220	3.248138665380301e-15
39661	2.707943369094801e-15
14196	2.620591942115044e-15
25529	2.2750909430812034e-15
32400	1.7572399004809667e-15
62392	6.932342625910011e-16
3936	3.898217465298538e-16
17390	3.3177004347043554e-16
52385	3.2922596903579165e-16
17360	2.857204703025736e-16
30390	1.1295782562405688e-16
72985	1.1223157226114452e-16
16941	8.697529859568622e-17
40427	8.166840990525107e-17
40902	7.792565682883885e-17
18090	6.227414396384247e-17
41792	4.8482665961063055e-17
34498	3.948314217958835e-17
56129	2.99503673948282e-17
30943	1.055610145341964e-17
33589	1.055610145341964e-17
74269	1.055610145341964e-17
77243	1.055610145341964e-17
80308	1.055610145341964e-17
