19705	4.390004987122143e-17
27525	3.5526085711636276e-17
19669	2.6430978225493673e-17
43899	2.984542398650262e-18
13135	2.5678337030736222e-18
26578	2.2200702730207567e-18
69511	2.1256122257946577e-18
36318	2.0632820933615017e-18
19626	1.871659059734451e-18
49230	1.5471477118469288e-18
26257	1.5096563315666377e-18
7359	1.3326408412094917e-18
35258	1.310476733006735e-18
27535	1.0669198899780662e-18
47896	8.93373513777685e-19
26110	8.625403802306019e-19
74200	7.429251437381462e-19
12579	7.194127301688811e-19
12658	7.116766840607972e-19
3364	6.734383570820142e-19
24481	5.213501226552032e-19
71904	3.999580524732879e-19
30016	3.8358497418984055e-19
5410	3.464208311785673e-19
5418	3.4548268600423435e-19
71648	3.2337940366358547e-19
81949	3.2199494227593433e-19
24598	2.8031943462343543e-19
12855	2.7090518310977924e-19
44236	1.9597813013457928e-19
39972	1.370422660994303e-19
27814	1.1771481328443974e-19
14752	9.229255597543245e-20
67280	8.939495880076186e-20
35292	8.43952664956879e-20
13382	7.835068649440334e-20
24483	7.316959046681976e-20
24492	6.766037407726755e-20
12856	6.546439271919428e-20
13385	6.035745932832625e-20
17505	4.455028454706799e-20
11633	1.0564858767362766e-20
19700	1.0564858767362766e-20
32470	1.0564858767362766e-20
33964	1.0564858767362766e-20
33969	1.0564858767362766e-20
36435	1.0564858767362766e-20
6596	1.0564858767362766e-20
73106	1.0564858767362766e-20
81347	1.0564858767362766e-20
