71157	4.0560173197760184e-24
77936	3.676241364477684e-24
59244	2.000240453659269e-25
79950	1.5324209208978204e-25
37330	8.050837770808736e-26
31404	5.596554104023485e-26
66686	3.651861578036086e-26
78164	3.1357760563501626e-26
17930	2.978736766272955e-26
25590	2.2946537051164962e-26
31761	1.9694178376595557e-26
41791	1.506806557551876e-26
45161	1.3592560360460248e-26
51576	1.0748044428672217e-26
20760	8.489247186096137e-27
31249	8.056082870918558e-27
31947	8.056082870918558e-27
86459	6.899573862065893e-27
45168	6.796562438141121e-27
48098	5.8568247391221116e-27
60334	5.6266262652684364e-27
75282	5.3623710100811e-27
48786	5.080398877806502e-27
15865	3.41055096272017e-27
3169	2.128575309282164e-27
67673	1.76663209800499e-27
69377	1.4914749252665601e-27
71159	1.1666992459687407e-27
28185	1.0801288488495124e-27
36212	9.723575381500654e-28
67107	9.65949514270639e-28
67411	9.65949514270639e-28
61532	9.292490138702865e-28
9462	9.263193083367092e-28
47338	9.111434336727794e-28
17736	8.538090963806736e-28
58209	8.538090963806736e-28
18297	7.700638668738554e-28
72535	7.616047527822578e-28
18529	7.46852057806511e-28
42439	7.4259354791660495e-28
18552	6.730061656374113e-28
38356	6.197519164770025e-28
55602	5.1834222924601175e-28
86286	3.466852065893866e-28
52237	3.180901886379791e-28
71894	2.433550378062197e-28
62594	2.3596655127493837e-28
59521	2.352017729658474e-28
63689	1.4425235066448334e-28
57876	1.4025579095835742e-28
42848	1.3940321809847883e-28
10117	2.397000399493118e-29
23437	2.397000399493118e-29
45642	2.397000399493118e-29
63648	2.397000399493118e-29
7535	2.397000399493118e-29
7622	2.397000399493118e-29
76772	2.397000399493118e-29
79823	2.397000399493118e-29
8007	2.397000399493118e-29
