37440	2.9951188678452502e-06
55119	9.974269619533752e-07
29079	5.025471346180827e-07
13485	3.5558414632032734e-07
20315	3.516187044186573e-07
30089	2.031754542409401e-07
78018	2.008374019982093e-07
26681	1.687237550608538e-07
54794	1.640094577774934e-07
47025	1.5664681348019084e-07
2454	1.5403373737959484e-07
75032	1.4194550071491336e-07
5075	1.2525010418717723e-07
47699	1.2189024337356077e-07
10515	1.009921850247709e-07
66425	7.951710894713287e-08
46991	7.805435760299286e-08
48085	6.689191688914623e-08
70379	6.082305843533326e-08
78194	5.2137511925535775e-08
29677	4.836372197424286e-08
85953	4.574691415439722e-08
42824	4.299818611370111e-08
47027	4.2677036445977574e-08
46933	4.067307168474549e-08
36083	3.427491453828902e-08
50367	3.427491453828902e-08
65061	3.427491453828902e-08
7964	3.427491453828902e-08
15623	3.365551098615683e-08
47085	3.345896487641847e-08
48360	3.316229037829777e-08
42609	2.8721171817050222e-08
42697	2.8721171817050222e-08
15628	2.782702510215875e-08
22431	2.6954690740363034e-08
79476	2.5606228461797715e-08
12873	2.3327817344476282e-08
12881	2.3327817344476282e-08
12874	2.3179883992497276e-08
12875	2.3179883992497276e-08
67235	2.120374568852458e-08
23326	1.9419166242498045e-08
68284	1.5100298470587364e-08
68520	1.4701272643834747e-08
73790	1.0941701182399931e-08
76835	9.55126427945294e-09
9382	9.281842743983077e-09
23436	6.491610139941447e-09
38305	4.030832004752697e-09
85067	1.3339074476220694e-09
