39907	4.369306437826373e-10
19409	1.1775990708451754e-13
53361	1.1607819648991748e-13
19411	1.0481257042792756e-13
64482	1.0108101376745018e-13
19420	9.807709546716621e-14
19885	4.714989308005708e-14
3148	3.402287348960721e-14
26648	1.629595141339281e-14
50614	1.5286939537055655e-14
54538	1.2551356262468017e-14
53269	6.915677941678192e-15
23361	3.619192129380581e-15
85997	3.596889597213072e-15
6318	2.4038963894596706e-15
85411	2.3351238398362385e-15
75429	1.7681262985074713e-15
83810	1.3057540648274592e-15
83868	1.2337365898968078e-15
19408	1.0572722141984687e-15
75435	8.921679945114318e-16
83267	8.83414850166119e-16
75433	8.414070821156011e-16
75431	8.242117647760037e-16
78572	7.897414255025845e-16
78580	7.897414255025845e-16
78574	7.863967586515913e-16
19417	3.4071990075672854e-16
23349	3.4071990075672854e-16
64772	3.4071990075672854e-16
67327	3.4071990075672854e-16
76403	3.4071990075672854e-16
76408	3.4071990075672854e-16
76411	3.4071990075672854e-16
78577	3.4071990075672854e-16
78582	3.4071990075672854e-16
79548	3.4071990075672854e-16
79552	3.4071990075672854e-16
79565	3.4071990075672854e-16
80280	3.4071990075672854e-16
80282	3.4071990075672854e-16
80283	3.4071990075672854e-16
80285	3.4071990075672854e-16
80290	3.4071990075672854e-16
81462	3.4071990075672854e-16
81465	3.4071990075672854e-16
82162	3.4071990075672854e-16
82188	3.4071990075672854e-16
82191	3.4071990075672854e-16
82908	3.4071990075672854e-16
85535	3.4071990075672854e-16
