58476	8.770281776056006e-34
12769	3.576309405458882e-35
12767	1.963032660734722e-35
24485	7.755220746699942e-36
11922	7.066923097225134e-36
78836	5.856573979462092e-36
26061	3.5708819293300764e-36
73038	9.684013220419787e-37
33203	7.860065950342968e-37
47516	5.4842407963000526e-37
82227	3.5062203311174385e-37
25096	2.7939108701824556e-37
30486	2.0137510670762733e-37
76635	1.8018341902368308e-37
49815	1.672899752614154e-37
29904	1.1852491349887637e-37
16922	1.105522049508873e-37
33172	1.0502882541454603e-37
70306	1.015265263634397e-37
65414	8.58152809376054e-38
29908	7.873485147220506e-38
28662	7.320447371492286e-38
11485	6.880546441027248e-38
24515	4.357272327019701e-38
11930	3.6173068730395276e-38
14713	3.392739632435598e-38
29911	3.1165080944868337e-38
4358	3.0115238761592673e-38
20201	2.719650972475755e-38
11923	2.532402447584611e-38
25699	1.9356535023082573e-38
13345	1.928973471934055e-38
26611	1.5867335330054225e-38
25100	1.2742268668226292e-38
61689	1.1787963873360888e-38
56829	1.0238415478913979e-38
16575	9.585090816602086e-39
11481	9.534414582205487e-39
33668	8.870488072845361e-39
3835	8.829807842718498e-39
35396	8.820516913338931e-39
11979	8.230902572296929e-39
9790	7.78962004323884e-39
81731	7.706271578801957e-39
29894	4.7786473577967865e-39
6498	4.2490539469501024e-39
53469	4.1583790730174314e-39
53682	3.925704295451786e-39
49884	3.7790645414758095e-39
7115	3.763028245281374e-39
76766	3.402552233098688e-39
7502	3.2886877310792676e-39
28657	3.087777905451845e-39
12812	2.7829960128413997e-39
79759	2.704114508658616e-39
41541	2.344800920370272e-39
13335	1.9171449375077448e-39
53502	1.8806405816698985e-39
24490	1.70576904408034e-39
21895	1.6868873374589782e-39
65306	1.6586201018307974e-39
68419	1.6586201018307974e-39
73706	1.650360271502094e-39
54762	1.5643022151246252e-39
38442	1.5269526513053638e-39
48805	1.524123865288112e-39
4881	1.4756320160264334e-39
12825	1.44202804292998e-39
27870	1.3980620316670324e-39
73762	1.3455298737688184e-39
13313	1.294245721530935e-39
6735	1.1766169190764847e-39
66107	1.1367542204722445e-39
53523	1.1234863939133442e-39
78982	9.848799768223899e-40
29906	9.816404523541546e-40
10182	9.635693396498534e-40
13314	8.949406136533455e-40
57914	8.794856716477895e-40
4933	8.529426706697888e-40
39349	7.89124044686145e-40
27384	6.334235777077483e-40
86929	5.802152359129019e-40
86912	5.767611087376026e-40
65036	5.149196715825988e-40
8455	4.87036802477566e-40
6497	4.85287824310274e-40
65446	4.245205959791473e-40
14707	4.148311601164217e-40
64645	3.863653271434592e-40
32366	3.842084168906132e-40
9479	3.792868128641563e-40
44163	3.713763027396948e-40
19634	3.2828983496715196e-40
77310	3.2622929172269443e-40
15082	3.2323515709759665e-40
68909	2.6328946824665536e-40
30456	2.5410486081128436e-40
26603	2.3093625386071556e-40
65394	2.1500877244803102e-40
6503	1.9896335585236432e-40
64657	1.9814398117286076e-40
73614	1.9752608419126814e-40
41594	1.941149602335626e-40
49856	1.6280977174085405e-40
3827	1.5394039754659708e-40
4306	1.5333790247279587e-40
3833	1.3881842422073508e-40
17587	1.2871952306097055e-40
73598	1.28436342178304e-40
15077	1.222665304493266e-40
23377	9.85916567738964e-41
76690	8.181149077606493e-41
3976	7.871581840949413e-41
7118	7.719013679626595e-41
85372	7.49797129308594e-41
20705	7.46837891645285e-41
81494	7.154426622514206e-41
19615	7.10494278625003e-41
73746	7.01014064890719e-41
65364	6.953890421362715e-41
22690	6.703872491262525e-41
20133	5.540136875060318e-41
46736	5.444415091965566e-41
51210	5.444415091965566e-41
27386	5.277094818774856e-41
71001	4.465775456877003e-41
13332	4.397579316279164e-41
17517	4.3383425380963666e-41
19601	4.0677212642187735e-41
16899	3.8812161360473563e-41
20766	3.819492570167444e-41
58755	3.804859784048263e-41
20127	3.780531489221888e-41
16897	3.638536956095242e-41
36447	3.5038854149759225e-41
4439	3.5038854149759225e-41
47551	3.2523649420291304e-41
20688	3.1208118525568237e-41
9726	3.083313617939023e-41
19599	3.079503946827545e-41
6636	2.989476596752841e-41
73641	2.930175176254066e-41
3837	2.872050861375423e-41
8333	2.76526309444477e-41
70668	2.7349757970796984e-41
4395	2.6750168773827307e-41
44758	2.5705408284340013e-41
3834	2.1237025160681987e-41
71368	1.9437021980311774e-41
64626	1.70598877047226e-41
29913	1.674660608691033e-41
3972	1.6360424931448423e-41
5862	1.6296037792531383e-41
79021	1.5346929089012295e-41
3828	1.502358237615163e-41
19033	1.4903738104805147e-41
9703	1.4226306907278696e-41
19781	1.4134825700580467e-41
20156	1.4134825700580467e-41
20160	1.4066239441163294e-41
13342	1.3654658989415834e-41
20199	1.1306086706443171e-41
12479	1.1260358306983863e-41
8327	1.0946992844210923e-41
6534	1.087918703156179e-41
44865	1.0432717369961893e-41
67280	9.800519753657176e-42
73320	8.530060787190256e-42
25205	7.485659170968532e-42
16954	7.274479844043999e-42
24550	6.042467925689546e-42
13320	5.65723336826858e-42
15200	5.633166402056294e-42
25103	4.857651729815833e-42
29314	4.821726066563416e-42
17609	4.3152164801905446e-42
75563	2.9027429463728807e-42
29920	2.6569528882839608e-42
54745	2.4550539119966317e-42
16390	2.3787809653991968e-42
22751	2.3194442163926893e-42
4310	2.169910434716991e-42
3265	2.1041983576484317e-42
11083	3.956843538658891e-43
11960	3.956843538658891e-43
17619	3.956843538658891e-43
22858	3.956843538658891e-43
26080	3.956843538658891e-43
29935	3.956843538658891e-43
33188	3.956843538658891e-43
37078	3.956843538658891e-43
54780	3.956843538658891e-43
64664	3.956843538658891e-43
6635	3.956843538658891e-43
67861	3.956843538658891e-43
76675	3.956843538658891e-43
7937	3.956843538658891e-43
9358	3.956843538658891e-43
