48981	3.5079471254221096e-10
39184	1.9296282385449717e-10
62781	1.3381615688751164e-10
15690	2.771927256213213e-11
43393	2.3778113002872786e-11
4527	1.6676265747902918e-11
78091	9.810687474801518e-12
75135	4.59735049961105e-12
78092	4.3555153137101456e-12
12555	4.228252105740601e-12
21067	3.4864003729891243e-12
69633	3.1132156590688523e-12
69629	3.0456330707400453e-12
71406	3.0456330707400453e-12
16241	2.160023692098283e-12
64800	1.869600931411341e-12
45819	1.8514633537068005e-12
25918	1.5096026133821359e-12
23601	1.4214324898409833e-12
24062	1.3449564753794892e-12
75338	1.3061428340905404e-12
21903	1.254082124249189e-12
20830	1.103226132060593e-12
49288	1.04221303928145e-12
32907	8.755863110052915e-13
9980	8.296655591181612e-13
67460	8.114991078221537e-13
49328	7.969887976674808e-13
57033	7.73984647422268e-13
22083	7.08959582729133e-13
11627	6.980332398913521e-13
3149	6.874593597257576e-13
23947	6.80597586426808e-13
39712	6.673029006600934e-13
47759	6.248373509780627e-13
24271	6.04817877556534e-13
39652	6.013249259544716e-13
55400	5.941598970271642e-13
15861	5.423328544529746e-13
10994	4.968892012867495e-13
81047	4.875514643347854e-13
26947	4.533130955109172e-13
33737	4.4844672836843844e-13
36959	4.4844672836843844e-13
3156	4.4639625332427717e-13
86836	4.4235681748727944e-13
45828	4.319696967635708e-13
71948	4.22108506203088e-13
34178	3.9412717151387875e-13
49144	3.151145886218492e-13
2786	2.9239276203873676e-13
47783	2.6462164065937704e-13
22769	2.613782980165321e-13
71759	1.0258863170912762e-13
