60155	6.411255928358099e-35
60221	6.382968978419007e-35
25144	3.044912481399549e-35
62292	1.5167452266686306e-35
78720	5.6654545814744215e-36
19505	4.6097612735834054e-36
75471	3.568140495415585e-36
81592	3.023163483979111e-36
55848	2.0561872400302446e-36
41320	1.943928066943448e-36
75561	1.0988928527767723e-36
35053	9.185798865963551e-37
85236	5.476844588224232e-37
65284	5.427908113924767e-37
75641	4.922545833461378e-37
83332	3.7403157059562776e-37
61475	3.466178406575341e-37
39304	3.428242209178591e-37
52215	2.829311319990559e-37
70026	1.910014305685731e-37
86878	1.814149291185305e-37
58503	1.0205053595142605e-37
58514	9.016145930434289e-38
83965	6.85249939885465e-38
62212	6.566781729312456e-38
59351	5.747520390151125e-38
51691	4.978524738802176e-38
62213	4.6767845836689975e-38
39864	4.031542815364682e-38
9954	3.900958634937499e-38
39972	3.286102723590021e-38
25765	3.2636392839950873e-38
83429	2.9450951908489185e-38
17505	2.4520514028296555e-38
39883	2.3219257569392383e-38
57150	1.8868447583389395e-38
85214	1.8014005487754164e-38
82226	1.414474508263798e-38
80497	1.4041189087845475e-38
27814	1.299713497533783e-38
6119	1.0933883936645179e-38
63259	1.0840957324984699e-38
83314	1.048371229387379e-38
43628	9.880845970867788e-39
50327	4.784275418735071e-39
82966	4.575274502890543e-39
33060	4.330475950699849e-39
80643	3.391195299549907e-39
19480	3.112293527533148e-39
71517	2.8534609936161435e-39
83315	2.472052781549512e-39
76612	6.089262149729366e-40
28710	1.47613732832771e-40
47192	1.47613732832771e-40
49518	1.47613732832771e-40
61663	1.47613732832771e-40
