66879	3.7435449871184894e-10
46874	2.737552848099023e-10
49235	1.2439907328518484e-10
85322	4.800494597756084e-11
61252	2.0614720604369073e-11
65604	1.9004011488848243e-11
81418	1.0453668552590048e-11
80107	1.0262977583544137e-11
80039	7.849819343599559e-12
39136	6.342502350870345e-12
74200	5.807871329960394e-12
4650	5.289082208975985e-12
78483	5.24473531883277e-12
78455	4.759186634576242e-12
82828	3.9184253873129365e-12
27297	3.399601560990643e-12
21644	3.2266120513390278e-12
53354	2.64933290219622e-12
85108	2.2547843582930183e-12
52319	2.2368469038440157e-12
78456	1.6916192082167142e-12
81444	1.6560108799312896e-12
77179	1.5559926772009281e-12
5951	1.129528578622569e-12
55560	1.0346762072318337e-12
11889	1.0301500567297862e-12
30868	8.811558876105327e-13
33539	8.561737947827915e-13
49674	8.282679021928755e-13
81237	6.928293416783293e-13
62388	5.973013835967769e-13
56624	5.524147526909871e-13
13233	5.17131106406303e-13
22546	3.7705713186578176e-13
50142	2.7574745326869416e-13
48265	2.735755639419137e-13
11151	6.507418857098483e-14
15646	6.507418857098483e-14
15811	6.507418857098483e-14
21408	6.507418857098483e-14
23165	6.507418857098483e-14
24560	6.507418857098483e-14
28529	6.507418857098483e-14
30000	6.507418857098483e-14
3401	6.507418857098483e-14
47449	6.507418857098483e-14
51789	6.507418857098483e-14
54780	6.507418857098483e-14
63616	6.507418857098483e-14
74640	6.507418857098483e-14
