55797	1.6393654767999958e-25
35104	1.3426391083356313e-25
19488	8.993320781532306e-26
55914	8.432200646957088e-26
8768	7.178540378635712e-26
11114	3.3794780984680433e-26
34428	3.2710268348465854e-26
48692	2.0917795322166912e-26
79605	1.1053908247556226e-26
3610	8.480844338047216e-27
3641	8.35637316334761e-27
54695	7.24681471668877e-27
26322	6.62433321340058e-27
58438	6.47022128039792e-27
70629	5.9093935154065466e-27
43962	5.689980487314928e-27
41487	5.4173464490072676e-27
76750	3.3128479932589825e-27
76779	3.251954053519917e-27
61191	2.8059246460997937e-27
19365	2.535745820237807e-27
46422	2.221576671995947e-27
58126	1.4845297432074473e-27
42907	1.3214655574354819e-27
83238	8.073361159102475e-28
15404	7.934973381695144e-28
37153	7.214331215531024e-28
70643	6.064938072924727e-28
60305	5.008143623950128e-28
73988	4.842082238223925e-28
9473	4.2985237312926185e-28
60227	3.7993034012216196e-28
59914	3.6836180869435033e-28
25548	3.5896741690568315e-28
82677	2.9918492370507455e-28
12740	2.231571877869093e-28
84892	2.0996522815631825e-28
72885	2.070374255648262e-28
43806	2.059597486645216e-28
72605	1.9610202655075413e-28
22906	3.0163704302335897e-29
25956	3.0163704302335897e-29
52913	3.0163704302335897e-29
5650	3.0163704302335897e-29
64168	3.0163704302335897e-29
78418	3.0163704302335897e-29
