42848	6.83647870973472
18151	2.3886656934159265
18393	2.3886656934159265
25063	1.590375407697558
44400	1.1177353384730249
58343	1.048833845005509
45396	0.7257623978578267
22321	0.704326377667933
43139	0.5022153301632218
11825	0.4547498568856002
6857	0.44814176043608417
45138	0.11894573609128939
66336	0.0581834833725684
11288	0
12877	0
13065	0
13069	0
13885	0
13939	0
16137	0
16139	0
16767	0
17115	0
20461	0
22244	0
2789	0
28761	0
29728	0
33779	0
35214	0
35785	0
35886	0
36005	0
38058	0
38134	0
40745	0
42862	0
42990	0
44009	0
45414	0
46402	0
46978	0
47161	0
55052	0
55086	0
56423	0
57378	0
58983	0
67528	0
69819	0
70874	0
72912	0
74567	0
77680	0
77763	0
80790	0
82249	0
8751	0
9557	0
