5176	3.8788745035789813
5177	3.8788745035789813
22169	3.176761272863778
82290	2.472765178578177
49460	2.287510346368257
19961	2.2606439365569826
63616	1.7948701737926038
85265	1.6768474651547431
81929	1.6447017352529483
82392	1.6447017352529483
76353	1.6143853861439785
49600	1.500646125196831
50314	1.489590738955839
54765	1.3880403626595212
77920	1.3644074174453356
80449	1.3644074174453356
67204	1.360189039129439
80518	1.3448442658560165
2829	1.216893730045284
52263	1.2140935129216062
22662	0.9093217828257906
10759	0.8877237344240383
44714	0.854458583500361
8780	0.8328605350986085
52301	0.8308256382861751
10810	0.8112624866968561
83932	0.6762933554465493
58553	0.6248090867022813
26058	0.40563124334842804
32662	0.20179817326799732
33970	0.20179817326799732
50264	0.20179817326799732
14838	0
14942	0
35073	0
43241	0
49709	0
54814	0
54925	0
5650	0
56511	0
57755	0
58507	0
61652	0
63369	0
76314	0
78878	0
79295	0
82981	0
84272	0
84364	0
84420	0
8938	0
