39184	5.312630612648484
71759	2.9700842635112013
24062	2.9163269599756956
25918	1.999497814861267
12555	1.9498126248163008
20830	1.652953749535851
43393	1.5860701863638058
62781	1.5557455536001872
75135	1.33025677361189
21067	0.9533880755228553
4527	0.7930350931819028
21903	0.6023574780773319
48981	0.6023574780773319
64800	0.6023574780773319
10994	0
11627	0
15690	0
15861	0
16241	0
22083	0
22769	0
23601	0
23947	0
24271	0
26947	0
2786	0
3149	0
3156	0
32907	0
33737	0
34178	0
36959	0
39652	0
39712	0
45819	0
45828	0
47759	0
47783	0
49144	0
49288	0
49328	0
55400	0
57033	0
67460	0
69629	0
69633	0
71406	0
71948	0
75338	0
78091	0
78092	0
81047	0
86836	0
9980	0
