57876	3.100808201375862
71894	3.030075151631402
42848	2.907521290787708
2738	2.369194384075853
42847	1.3259342116596646
59518	0.009132060919215312
34733	0.005619729796440209
82689	0.004214797347330157
44221	0.0035123311227751586
52721	0.0035123311227751586
7741	0.0021073986736650507
80891	0.0021073986736650507
66181	0.0014049324491100523
68756	0.0014049324491100523
78305	0.0007024662245549984
86691	0.0007024662245549984
31784	0
40131	0
41556	0
46122	0
49229	0
65311	0
65465	0
65501	0
66118	0
67275	0
67433	0
78998	0
79698	0
