50614	4.820065785530556
64482	4.079339505407502
53269	2.633311966880112
19409	2.1706018814350765
19411	1.3972596121524885
19420	1.3029229353728853
19885	1.1329764655416388
3148	1.0998142756067084
54538	0.9484386321390238
53361	0.9152764422040928
39907	0.34090731253108963
19408	0
19417	0
23349	0
23361	0
26648	0
6318	0
64772	0
67327	0
75429	0
75431	0
75433	0
75435	0
76403	0
76408	0
76411	0
78572	0
78574	0
78577	0
78580	0
78582	0
79548	0
79552	0
79565	0
80280	0
80282	0
80283	0
80285	0
80290	0
81462	0
81465	0
82162	0
82188	0
82191	0
82908	0
83267	0
83810	0
83868	0
85411	0
85535	0
85997	0
