31141	2.998260564302999
6635	2.989835819873261
7937	2.9503392961799255
22961	2.866863074964668
27966	2.7382512864059785
25263	1.0660828316540512
38229	1.0295497491534698
17650	1.0230570135492751
52175	0.049674591448951144
50202	0.026056144912872392
62213	0.025959269203518043
59813	0.023049010432313277
28198	0.016625259329161646
26711	0.014584957683959676
80118	0.013093176525070915
40239	0.00306045246780301
40259	0.0010201508226009848
51493	0.0010201508226009848
15744	0
2493	0
2494	0
3008	0
33961	0
48148	0
48587	0
49633	0
5004	0
5223	0
5225	0
5226	0
64966	0
65210	0
80483	0
80484	0
80884	0
86042	0
86961	0
