73431	4.447129137287047
79559	2.8326753991905846
76422	2.382703328020601
79864	2.2958771224387
72816	2.175516182244289
79585	1.9460571828446585
60110	1.820178152043353
81084	1.7206126765264194
77250	1.5743628008100177
70303	1.317976706600163
74010	1.3160660678260445
22679	1.3048300703036968
85143	1.2927733083154407
3541	1.223888130881225
20188	0.9728773511134308
83284	0.8993605155714515
78749	0.8473008009299223
82679	0.2808431319826058
68716	0.26316972332201294
75243	0.1776738301334163
13248	0
24911	0
26903	0
32034	0
43329	0
49463	0
49575	0
51927	0
52741	0
52940	0
53140	0
66894	0
67922	0
68718	0
71542	0
71543	0
71555	0
74017	0
78863	0
79369	0
82279	0
82598	0
82609	0
82616	0
83291	0
86514	0
