60221	3.4980161430235097
60155	3.4366087031399686
65284	3.1091317856764844
62213	3.080100117258975
58503	2.9217367365282816
62212	2.4853173093029235
58514	2.1421185271526877
62292	1.896229052063526
35053	1.3103142116758466
76612	1.2446147324646457
61475	1.1650504625927607
52215	1.1369468346209404
41320	1.1205450489880338
43628	0.820491356247153
19505	0.6721094181673493
83332	0.6286847171725768
75561	0.6155516356982687
6119	0.4436035522088982
86878	0.41967525962582564
25144	0.3741531420287607
82966	0.30789604473076
25765	0.24562975953416272
55848	0.12642596589230548
50327	0.09046480226071629
33060	0.06140743988354069
17505	0
19480	0
27814	0
28710	0
39304	0
39864	0
39883	0
39972	0
47192	0
49518	0
51691	0
57150	0
59351	0
61663	0
63259	0
70026	0
71517	0
75471	0
75641	0
78720	0
80497	0
80643	0
81592	0
82226	0
83314	0
83315	0
83429	0
83965	0
85214	0
85236	0
9954	0
