18100	3.0870112575442783
18163	3.0870112575442783
18164	3.0870112575442783
19440	2.728929672140465
45422	2.677550459736903
46485	2.6634127520654736
46968	2.6634127520654736
18859	2.477316407528857
52020	0.5343824910558997
23643	0.2853937756121194
18706	0.27236183873320496
28923	0.2702720376630695
18798	0.25569956601298427
13057	0.20252838039622717
75763	0.16321041921114438
22382	0.15847850640547573
4157	0.12329641375651262
54771	0.0909951168618352
47049	0.08132905427287329
46228	0.07694721515497788
27440	0.05633031043827891
10710	0.04285544669538438
65899	0.04285544669538438
66338	0.04285544669538438
18648	0.038473607577488966
73312	0.028165155219139426
11807	0
12851	0
19990	0
22660	0
30059	0
32520	0
37856	0
39303	0
39410	0
49617	0
49650	0
50034	0
54232	0
56209	0
57753	0
61895	0
64858	0
65283	0
6630	0
67401	0
68969	0
77444	0
7776	0
78879	0
8928	0
9871	0
