41791	5.324508999189866
18552	4.361673589356953
23408	4.361673589356953
25590	3.5964463628319994
68777	2.626139514504734
68775	2.0552580001899954
42439	1.782377860142706
28185	1.6300645950772077
85147	1.3875576010183572
38356	1.2502008649272947
60334	1.2394105592497946
76397	0.8991207707662989
71167	0.8533608460883669
6163	0.7812955082525239
53133	0.6802172564691021
46387	0.6773541729622732
72320	0.5929272716247721
16827	0.5517998955093041
38920	0.5358040736558884
61409	0.48905197157409797
56638	0.4711546832693678
82926	0.38063098749221047
78595	0.24938808546534216
39858	0.07647652583454773
76441	0.05731988172270869
75435	0.03823826291727389
12741	0
13264	0
13285	0
14956	0
15458	0
19408	0
19413	0
21659	0
22541	0
22546	0
25645	0
26495	0
26529	0
27404	0
29675	0
30597	0
32982	0
3595	0
3601	0
4046	0
42441	0
4839	0
53185	0
53296	0
54109	0
54671	0
58418	0
59210	0
60008	0
6304	0
64271	0
69330	0
69331	0
72796	0
7486	0
75429	0
75431	0
75433	0
75434	0
78572	0
78574	0
78577	0
78580	0
78582	0
78584	0
79552	0
79565	0
79578	0
80280	0
80283	0
8052	0
81474	0
82163	0
82164	0
82190	0
82907	0
82908	0
83264	0
83267	0
83804	0
83809	0
83813	0
85987	0
86950	0
9456	0
