74775	4.439782517864009
77921	3.9904978075628477
80435	2.8714846459190033
38244	2.713138661796994
72052	2.617375318637974
73186	2.617375318637974
76564	2.617375318637974
77971	2.1874126919058625
53720	1.6198899216351577
54157	1.4182862625490078
54175	1.403952547048342
79418	1.2138416871368156
78866	1.0573705565552447
39922	1.054988088574973
62470	0.8382172451552793
13984	0.7625956561670931
44818	0.743646893930388
54747	0.743646893930388
61734	0.5133894046480018
84331	0.5005005675968396
69461	0.371823446965194
86159	0.371823446965194
86296	0.371823446965194
34274	0.33973893330017535
68853	0.33973893330017535
72267	0.06908846612268327
16877	0.0211708527994533
36985	0.0211708527994533
29942	0
36421	0
36966	0
36992	0
37094	0
39110	0
39149	0
39150	0
39153	0
4408	0
44789	0
44857	0
45278	0
53615	0
54203	0
55832	0
59532	0
61683	0
61698	0
61721	0
64629	0
64651	0
65315	0
65439	0
66005	0
66084	0
66820	0
67261	0
67267	0
67271	0
67794	0
68421	0
68856	0
68862	0
68865	0
68921	0
69428	0
70648	0
7121	0
71255	0
75018	0
82415	0
