68024	3.355968845626247
22894	3.3289008033803276
67551	3.254159680987304
46942	3.1506588784371132
47257	3.1506588784371132
82540	2.9846586218619855
48174	2.964054646001086
50408	2.964054646001086
20837	2.884217594023304
22446	2.884217594023304
65544	2.767220939675158
66119	2.767220939675158
20892	2.6614345251991107
47663	2.646878508291353
22407	2.6209424298930686
58787	2.5469871700757736
58956	2.5469871700757736
62056	2.5240964362395504
62544	2.5240964362395504
67894	2.463622140182718
20823	2.3960084390937832
22692	2.3960084390937832
77921	2.325569344910419
59417	2.180105329137905
59577	2.180105329137905
67787	2.1704031423287597
5014	2.132580987214796
21088	2.0914416975204997
69426	2.0869973181682178
69536	1.9837263724570677
67968	1.9593803243574164
56150	1.8849117666381434
56252	1.8849117666381434
56253	1.8849117666381434
18110	1.8826943518106645
60709	1.867908641691582
66012	1.867908641691582
56244	1.8007066303024808
65477	1.7695940039599356
47003	1.7082806317448145
47078	1.7082806317448145
64742	1.6704399427524477
57866	1.6231601816908354
18216	1.5792372588338162
67793	1.4611475800845624
30182	1.3982119815124108
53572	1.2666643658895753
74775	1.234707899765459
48181	1.209049218224509
50413	1.209049218224509
20785	1.134464152238622
10228	1.1309519097172007
54315	1.1206977457878433
21089	1.0650221672872653
54749	1.0470322176866422
48342	0.9888943488220161
44872	0.957881415125442
47714	0.9289145259906479
48268	0.8477607636773232
37729	0.8381462382347618
49889	0.774095235576122
56045	0.7184110613440816
56248	0.7184110613440816
7576	0.5958490265223638
50366	0.528427410737052
77971	0.4889544481804644
56318	0.4789407075627211
59382	0.4789407075627211
59561	0.4789407075627211
68513	0.46643506072596985
35333	0.4387651486227546
73012	0.43698633970060874
62620	0.43287105877324195
65378	0.4271660033241287
40341	0.41586912650284436
56319	0.386801409983763
67886	0.386801409983763
46725	0.3825778668339185
2552	0.3817325842464909
25174	0.35920553067204075
36618	0.35920553067204075
38479	0.35920553067204075
47015	0.35920553067204075
36554	0.2394703537813605
37732	0.2394703537813605
4955	0.2394703537813605
4973	0.2394703537813605
8466	0.2394703537813605
75463	0.19740889717337828
20899	0.18359309024638026
21110	0.11973517689068047
4976	0.11973517689068047
49872	0.11973517689068047
50734	0.11973517689068047
56066	0.11973517689068047
56055	0
60030	0
60088	0
