31141	2.846152222260589
6635	2.78549066504251
7937	2.7497068666495896
22961	2.681084508589083
27966	2.56857855129866
36601	0.04099310135092826
28440	0.03973303481827278
40119	0.039310922742037235
41857	0.039310922742037235
28455	0.0352967080507719
39433	0.025429530949160506
59502	0.0070740961018345705
31504	0.005659649533288791
63056	0.005659649533288791
77349	0.0045335423113360696
73034	0.0017037175446916741
31515	0.0014149123833221422
58957	0.0014149123833221422
60118	0.0014149123833221422
13484	0
14855	0
16170	0
26568	0
41975	0
49907	0
62536	0
62835	0
62836	0
77102	0
77104	0
80756	0
