12873	3.524088546129188
12874	3.524088546129188
12875	3.524088546129188
12881	3.524088546129188
78018	2.5087253695259797
13485	1.7776328822964922
10515	1.5358765817370366
29079	1.2392722910250096
30089	1.2392722910250096
20315	1.057877565417475
22431	0.7197553168790167
36083	0.7197553168790167
50367	0.7197553168790167
65061	0.7197553168790167
79476	0.7197553168790167
7964	0.7197553168790167
67235	0.6347265392504851
15623	0.5620313629602586
26681	0.4231510261669901
23326	0.25408990189776093
68284	0.25408990189776093
68520	0.25408990189776093
38305	0.21157551308349504
70379	0.21157551308349504
73790	0.21157551308349504
76835	0.21157551308349504
9382	0.21157551308349504
15628	0
23436	0
2454	0
29677	0
37440	0
42609	0
42697	0
42824	0
46933	0
46991	0
47025	0
47027	0
47085	0
47699	0
48085	0
48360	0
5075	0
54794	0
55119	0
66425	0
75032	0
78194	0
85067	0
85953	0
