70233	3.5949495515940626
73326	3.4227325328360356
66961	3.0946140628217234
66923	2.511136939685677
64070	2.3839706302093826
61170	2.2487311407845065
64033	2.070945597101667
75201	1.9403643708028864
24214	1.4759689596629673
27215	0.9507081151351909
3740	0.9214779912098509
60528	0.2382552360323424
39173	0.05624945664191744
13342	0.03761165357189128
9591	0.020574718137508052
37136	0.01989384242425135
67634	0.018942397786569753
68037	0.018942397786569753
39335	0.009946921212125703
58888	0.009946921212125703
49879	0.009941565486611015
15875	0
16343	0
16575	0
16954	0
20973	0
22751	0
24515	0
25134	0
25172	0
26085	0
26088	0
26598	0
28598	0
32366	0
3972	0
4933	0
56170	0
58476	0
59464	0
65394	0
67861	0
71345	0
75591	0
76675	0
77428	0
78727	0
80709	0
80893	0
84584	0
9846	0
