61252	5.492128939144615
66879	2.747782964906392
22546	2.431796869650902
65604	2.259187248905496
13233	2.033665165335244
27297	1.538512951286577
85322	1.1442378603234376
39136	0.9459061350728134
33539	0.887275568407268
30868	0.8362977959709218
77179	0.43548237903100906
49235	0.33294123495581507
53354	0.3303571082424519
46874	0.16293701996455867
81418	0.06015925295579583
11151	0
11889	0
15646	0
15811	0
21408	0
21644	0
23165	0
24560	0
28529	0
30000	0
3401	0
4650	0
47449	0
48265	0
49674	0
50142	0
51789	0
52319	0
54780	0
55560	0
56624	0
5951	0
62388	0
63616	0
74200	0
74640	0
78455	0
78456	0
78483	0
80039	0
80107	0
81237	0
81444	0
82828	0
85108	0
