15581	4.247781271120741
15582	4.247781271120741
76089	3.2163502165003863
76092	3.2163502165003863
75754	3.168449066317886
46876	1.5395882311383349
73146	1.0490878124190965
45740	1.0358308379776244
34675	0.7432249717906527
59813	0.4676160847063665
58800	0.42833759647282715
56691	0.3677948375674461
41481	0.360973631257013
27441	0.32854033646259706
81420	0.2822666620799363
64694	0.2722821945715267
64153	0.2240456307482131
49752	0.1476865985892683
23293	0.14297734128165168
27845	0.13587655369837498
10397	0.12248732142627028
10398	0.12248732142627028
81325	0.12136366669118526
27911	0.0900347209754267
27921	0.04501736048771332
12919	0
13217	0
16007	0
17450	0
24789	0
27402	0
29390	0
29922	0
29928	0
30473	0
33229	0
33285	0
33736	0
36398	0
44101	0
48893	0
55718	0
58581	0
61777	0
63415	0
63648	0
6661	0
66693	0
67058	0
67613	0
70409	0
74003	0
74497	0
77124	0
77181	0
77719	0
80840	0
82440	0
83609	0
84758	0
86421	0
86492	0
