79565	8.851907815272007
64294	2.6810756137860463
65174	2.652936264323522
67115	2.192311157484835
7486	1.8286918869816233
65789	1.7049252543646056
54214	1.4355030829693218
78577	1.4115413390434088
54492	1.0929135010207052
4017	0.7371076114136975
39184	0.7284392216309987
9843	0.649020365200158
86326	0.5496543429398217
48981	0.3644411483909626
66981	0.319037782174886
68370	0.23706887925347814
70633	0.23706887925347814
68780	0.2005033425481469
53133	0.1744709644252635
30846	0.11853443962673907
66987	0.11853443962673907
68140	0.11853443962673907
68722	0.11853443962673907
70650	0.11853443962673907
82847	0.11853443962673907
85553	0.11853443962673907
37594	0.1076591069177675
53131	0.05382955345888374
85099	0.05382955345888374
28202	0
35258	0
55419	0
58292	0
58293	0
58301	0
61290	0
61293	0
61298	0
61302	0
61315	0
61329	0
61382	0
62744	0
62747	0
62784	0
64122	0
64176	0
64322	0
64800	0
65677	0
65683	0
65757	0
65850	0
65932	0
65951	0
65957	0
67067	0
67140	0
68141	0
68145	0
68296	0
68719	0
68720	0
68741	0
68765	0
68768	0
68777	0
68784	0
69276	0
69279	0
69282	0
69307	0
69324	0
69325	0
70329	0
71307	0
71577	0
71676	0
71706	0
71710	0
72704	0
72873	0
72888	0
74091	0
74189	0
75414	0
75872	0
77086	0
78520	0
80078	0
81715	0
81732	0
82634	0
82870	0
83222	0
83252	0
83258	0
83260	0
83765	0
86229	0
86626	0
9343	0
9420	0
