15865	5.447113032168234
86459	4.477019502081195
67107	2.087780208197941
67411	2.087780208197941
79950	1.9726768465474365
77936	1.6962602985010844
48786	1.3308095620132683
59244	1.0216844623266592
51576	0.3790566188033661
71157	0.2510634747918399
71894	0.0965837083341606
42848	0.07189059775354889
57876	0.04792706516903261
48098	0.024693110580611688
18552	0.02396353258451628
10117	0
17736	0
17930	0
18297	0
18529	0
20760	0
23437	0
25590	0
28185	0
31249	0
31404	0
3169	0
31761	0
31947	0
36212	0
37330	0
38356	0
41791	0
42439	0
45161	0
45168	0
45642	0
47338	0
52237	0
55602	0
58209	0
59521	0
60334	0
61532	0
62594	0
63648	0
63689	0
66686	0
67673	0
69377	0
71159	0
72535	0
75282	0
7535	0
7622	0
76772	0
78164	0
79823	0
8007	0
86286	0
9462	0
