2451	4.034675886289717
2323	3.9390786305650085
4053	3.9390786305650085
17030	3.095288313300719
17217	3.095288313300719
13685	1.9378600150730212
36580	1.8883652778853113
25500	1.305804255609623
36588	1.174743024483428
79404	1.1376883028765712
24251	0.987109025578258
13690	0.6810984370681914
5316	0.33792781402331806
86541	0.3090546952824573
7722	0.2805128941649873
38143	0.08965431800618645
40234	0.08300949486947079
37815	0.06926470722217082
43612	0.0448271590030932
86259	0.0448271590030932
12293	0
12556	0
12557	0
13607	0
18151	0
18364	0
23253	0
24446	0
24826	0
25467	0
30405	0
31267	0
31268	0
32579	0
33766	0
33767	0
35652	0
35765	0
35766	0
37816	0
38335	0
38629	0
43200	0
43262	0
43868	0
43994	0
47661	0
47712	0
56691	0
65408	0
67741	0
67983	0
69316	0
75767	0
76103	0
78846	0
80504	0
81997	0
82337	0
84403	0
85209	0
85642	0
86042	0
86209	0
86255	0
86276	0
86289	0
86961	0
