64645	5.602721254357333
64657	5.5217923603274315
46736	4.3080705197309905
51210	4.3080705197309905
65446	3.712557482872118
39895	3.6270444971376987
65036	3.497923434246219
39893	3.104182536235839
65364	2.950046239040195
71001	2.900587807819365
44237	2.7940452779008447
64626	2.559409651455658
42529	2.3818469566713794
53721	2.338991774533629
46832	2.213589920110971
66107	2.0866339697899186
47551	1.957354281873872
70668	1.6932542642821342
53469	1.4220999122208073
53515	1.4220999122208073
54762	1.3421027832744268
4762	1.2013385252857818
49884	1.179523718362733
53682	1.179523718362733
56829	1.1309703569985585
50641	1.1309703569985583
37688	1.1006576060032454
56149	1.0885895674011596
41594	1.0799877844005674
24515	0.9505344306063686
14707	0.8739555187752606
14713	0.8739555187752606
26598	0.8596002796447954
9790	0.6872636153815366
56040	0.6603945636019471
16922	0.6449662310188962
20201	0.6449662310188962
29911	0.6449662310188962
64664	0.6006692626428909
53502	0.5991672243062246
26582	0.5149686799473446
3972	0.5138628659770795
19634	0.42926809725179843
29913	0.42926809725179843
24494	0.30033463132144544
25824	0.30033463132144544
26080	0.30033463132144544
26113	0.30033463132144544
33203	0.30033463132144544
6793	0.30033463132144544
85438	0.30033463132144544
53560	0.21463404862589922
39939	0.21113242627586826
24485	0.17340074940445716
27892	0.17340074940445716
3828	0.17340074940445716
9591	0.17340074940445716
11083	0
11481	0
11485	0
11923	0
11930	0
11960	0
11979	0
12479	0
12812	0
12825	0
13313	0
13314	0
13320	0
13332	0
13335	0
13342	0
13345	0
15077	0
15082	0
15200	0
16390	0
16897	0
16899	0
16954	0
17517	0
17587	0
17609	0
17619	0
19033	0
19224	0
19599	0
19601	0
19615	0
19781	0
20127	0
20133	0
20156	0
20160	0
20199	0
20688	0
20705	0
20766	0
21895	0
22690	0
22751	0
22961	0
23377	0
24490	0
24498	0
24550	0
25096	0
25100	0
25103	0
25205	0
25699	0
26603	0
26611	0
27384	0
27386	0
27870	0
27966	0
28657	0
28662	0
29894	0
29904	0
29906	0
29908	0
29920	0
29935	0
30456	0
30486	0
31141	0
3265	0
33172	0
33668	0
35396	0
36447	0
37078	0
3827	0
3833	0
3834	0
3835	0
3837	0
38442	0
39349	0
3976	0
4306	0
4310	0
43392	0
4358	0
4395	0
44163	0
4439	0
44758	0
44865	0
4881	0
49815	0
49856	0
53523	0
54745	0
5862	0
58755	0
61689	0
6497	0
6498	0
6503	0
65306	0
6534	0
65394	0
6635	0
6636	0
67280	0
6735	0
68419	0
7115	0
7118	0
71368	0
73320	0
73598	0
73614	0
73641	0
73706	0
73746	0
73762	0
7502	0
75949	0
76690	0
76766	0
77310	0
79021	0
7937	0
81731	0
8327	0
8333	0
8455	0
9703	0
9726	0
