4933	4.698881225825554
58504	3.306573779904129
16953	2.6024546826519046
16575	1.9159046774666435
34684	1.718096119763825
58582	1.3211278204971597
17498	1.1023825234369555
73598	1.0002843209343988
75624	0.93655709588963
58428	0.8807518803314396
29314	0.7808176873628668
23398	0.6612852467599077
25832	0.559908380768679
49766	0.4961811557239102
61540	0.44181861318837573
24340	0.4410972766770478
11402	0.4403759401657198
29729	0.22018797008285984
78626	0.22018797008285984
82229	0.22018797008285984
15776	0
26073	0
31530	0
46566	0
51139	0
51780	0
51841	0
55187	0
56519	0
56735	0
58651	0
58676	0
59340	0
61554	0
62293	0
64476	0
65289	0
67144	0
67717	0
68812	0
