41487	4.209225068036885
8768	2.8772218296318646
79605	2.5481440282432053
76750	2.374033331988788
76779	2.374033331988788
42907	2.072808248532589
43962	1.8882398283009723
19488	1.5530760902735934
3641	1.351112676086716
35104	1.2832124017012405
37153	1.217912352246214
3610	1.2100548531994644
83238	0.9759013816063211
15404	0.7260329119196784
59914	0.28903024493564344
70629	0.12100548531994637
48692	0.09315276738748635
11114	0
12740	0
19365	0
22906	0
25548	0
25956	0
26322	0
34428	0
43806	0
46422	0
52913	0
54695	0
55797	0
55914	0
5650	0
58126	0
58438	0
60227	0
60305	0
61191	0
64168	0
70643	0
72605	0
72885	0
73988	0
78418	0
82677	0
84892	0
9473	0
