67204	3.140615784651461
37672	3.132772138903943
9544	2.9759666202892103
62586	2.7436898129867306
54844	2.5910319374050275
54814	2.4921493978530487
74695	2.2943051268681036
54925	1.9962582355183385
71102	1.8836285809524005
74652	1.7645474092941953
74681	1.360822607305951
32662	1.2185821203533367
32575	0.7472086408775387
85281	0.6754322649659313
37425	0.6629765013311256
35853	0.657843155155735
79525	0.6537350608165703
60471	0.6246862137933717
84398	0.56187192933116
81694	0.47988400463362924
85806	0.4407622844283725
48566	0.3064463564491663
6939	0.13869875471298376
57569	0.13259530026622512
60811	0.13259530026622512
62187	0.13259530026622512
65692	0.13259530026622512
8780	0.11872217827660392
10759	0
13884	0
28126	0
28762	0
28903	0
35755	0
4786	0
49709	0
5650	0
56511	0
58507	0
61461	0
61652	0
64967	0
73186	0
77779	0
78878	0
82290	0
86304	0
