49230	4.453718406062513
47896	2.9687033376800867
19705	2.7457434045224973
43899	2.5475984600445014
19669	2.1417036994531298
24598	1.9882949588984735
71648	1.97193110351968
14752	1.9414724114867674
27525	1.8781514058905675
17505	1.4773234794852268
74200	1.307550883551777
12855	1.139287761939403
27535	1.1081175979334996
44236	0.9900132504169916
3364	0.9061460879791459
67280	0.7918683059389952
7359	0.6072413289478278
30016	0.5015877409586627
26578	0.4226143519566605
5410	0.4226143519566605
5418	0.4226143519566605
13135	0.3959341529694976
13382	0.3959341529694976
39972	0.2113071759783302
11633	0
12579	0
12658	0
12856	0
13385	0
19626	0
19700	0
24481	0
24483	0
24492	0
26110	0
26257	0
27814	0
32470	0
33964	0
33969	0
35258	0
35292	0
36318	0
36435	0
6596	0
69511	0
71904	0
73106	0
81347	0
81949	0
