12097	5.518298544696457
15211	5.518298544696457
68048	2.8948483442182797
33147	2.8863432225229397
33155	2.590222146935498
29910	2.260996199634989
17653	1.9970679845857031
17652	1.8632811608688955
17654	1.8490074467919815
14501	1.582498478763284
11606	1.3314040324774945
17688	1.272179817360006
29892	1.079676037391727
14502	0.8576103115375873
29916	0.783554961804285
33759	0.6354944240105641
16169	0.4520531862765253
52836	0.37108843649565515
60586	0.3336047560415486
14506	0.31031866140327824
14507	0.31031866140327824
17305	0.296121075587442
14503	0.26650896802869783
86184	0.18554421824782757
8796	0.18554421824782757
29684	0.14806053779372103
11106	0
12850	0
14504	0
14505	0
14512	0
14673	0
15641	0
17278	0
17317	0
17318	0
17361	0
17371	0
17647	0
17648	0
17651	0
17687	0
17689	0
18001	0
18525	0
18536	0
19026	0
19028	0
21077	0
21738	0
22691	0
22862	0
26068	0
26072	0
27378	0
27970	0
28025	0
28622	0
29196	0
29200	0
29248	0
29271	0
29895	0
29958	0
29984	0
32232	0
32472	0
35017	0
35545	0
36575	0
3781	0
40278	0
41447	0
41461	0
4300	0
43860	0
44236	0
45707	0
45721	0
45735	0
48364	0
50193	0
51917	0
54291	0
6237	0
6299	0
67785	0
69370	0
7057	0
76651	0
7773	0
79732	0
8169	0
82244	0
86381	0
