3868	3.3179721240583553
75621	3.3142657306420276
79669	3.3142657306420276
50029	2.7870547576367515
44187	2.7844317603579456
6604	2.740265220693219
45221	2.733245527097826
17004	2.6024543859503093
7289	2.3910095618862477
49980	2.269328696103859
7320	2.1733862985356214
58913	2.1406404068819147
16992	2.051231773522586
46229	1.7424078163232664
9819	1.488693603562333
9820	1.4144357799986866
17857	1.4074131611885865
11445	1.366515578464115
13294	1.3608636311573052
15074	1.3608636311573052
3885	1.1734555780874103
9384	1.0547530657039006
43938	0.9815895815709581
37711	0.545787872401023
14772	0.48429734122577234
79604	0.4807175671709278
13309	0.4773039472580909
46302	0.4028798851063553
75560	0.25937121556673576
34792	0.17983303055301925
45050	0.15907637002743302
14556	0.11511391796632242
17787	0.10539811572529467
71564	0.10539811572529467
14439	0.10029484553930279
29645	0.10029484553930279
15410	0.09435725744073609
29520	0.07953818501371646
71726	0.07953818501371646
15415	0.07360059691514975
47899	0.022661230676781607
16632	0.021117058320930138
20858	0.01712939475955666
75389	0.012197212886169262
17782	0.011408761974581405
10675	0
13221	0
13518	0
14486	0
14655	0
15288	0
18345	0
20412	0
23121	0
25392	0
28141	0
29535	0
31141	0
33391	0
34744	0
38684	0
39215	0
42245	0
5108	0
5140	0
54296	0
57102	0
59764	0
62800	0
65688	0
68028	0
73326	0
73898	0
75327	0
77009	0
77066	0
7730	0
80049	0
81408	0
82630	0
9993	0
