77907	3.696193918012263
77381	3.026356196657606
82106	2.512427833328005
82085	2.3926581784341776
80922	2.1801454869700683
82519	2.049016397328034
7970	1.4277559534948248
9011	1.324644645588589
79949	0.684171578490349
27974	0.6174271910903606
69164	0.331354667212869
25833	0.31051043907829656
39122	0.2640664644527272
73371	0.15187205346997962
74777	0.1490939061504068
76899	0.1490939061504068
63141	0.08548050619289993
69142	0.08548050619289993
57024	0.03796801336749489
18877	0
22472	0
22987	0
26276	0
27960	0
28549	0
34010	0
36858	0
38588	0
39620	0
40800	0
48375	0
68664	0
71111	0
71913	0
74778	0
86448	0
