13600	3.1533342669484083
8511	3.1533342669484083
8828	3.1533342669484083
15583	2.945657574855662
16678	2.945657574855662
12097	2.4130164648192163
15211	2.4130164648192163
11690	1.9066074240829076
64896	1.7485138379009064
21077	1.684432112208638
63379	1.645927106566544
29116	1.6107931391927086
72032	1.6059066763083547
76550	1.6059066763083547
13519	1.5292855995967998
15334	1.5292855995967998
33769	1.2579217066062947
85188	1.226163832231117
21265	1.0891298796281954
72134	1.073373481872872
75564	1.0599398017531234
11744	0.8262797524244424
41351	0.7268471008255586
74605	0.7148364485009147
23698	0.5267034071399255
11852	0.506006651431502
81564	0.45214778779074305
60421	0.4347611756942759
3666	0.4210480237026161
77687	0.2505753477069239
43129	0.19290083380089895
28717	0.15992230993074474
30864	0.10034272352113616
44232	0.0595795864096087
62309	0.0595795864096087
20778	0
21673	0
2510	0
2511	0
2977	0
37657	0
5175	0
5185	0
5189	0
7041	0
77430	0
77431	0
7798	0
7799	0
78628	0
8310	0
8872	0
