11352	2.6931114471278272
11732	2.6931114471278272
14554	2.6931114471278272
19930	2.471101904120293
21688	2.471101904120293
22584	2.471101904120293
3627	2.438574190137681
4075	2.438574190137681
6985	2.438574190137681
8125	2.438574190137681
76605	1.5558401566320723
39400	0.9095441818741551
58137	0.7761987781842347
50020	0.6936227280096866
58894	0.5285085477264367
38068	0.46797410011165075
43604	0.46380272671749334
61647	0.43376763321397566
79396	0.43376763321397566
5671	0.411114343877767
44554	0.33419173959319187
46714	0.23475280120693925
53345	0.23475280120693925
48443	0.155239755636847
52066	0.155239755636847
15606	0
17078	0
20316	0
28761	0
29045	0
35782	0
44746	0
57152	0
61561	0
62192	0
62221	0
65206	0
67715	0
70456	0
75452	0
77790	0
79601	0
80477	0
81480	0
86068	0
9611	0
