83370	5.480655017213384
59459	4.465789958501931
27426	3.5431360488984156
20159	2.294805877731819
27106	0.8192771185526144
54533	0.6583291903280539
14314	0.5709998079375977
81463	0.5709998079375977
80988	0.13289253842025933
46863	0.08732938239045615
46874	0.08732938239045615
63966	0.08732938239045615
9272	0.08732938239045615
16391	0.061142919778325006
14069	0
19146	0
21894	0
21897	0
22021	0
24107	0
26258	0
26385	0
26386	0
26432	0
26642	0
26644	0
2738	0
27537	0
29311	0
29339	0
31472	0
31553	0
34793	0
37101	0
39658	0
42847	0
43566	0
46864	0
46865	0
49104	0
53387	0
54540	0
54609	0
55692	0
56704	0
59022	0
6062	0
61141	0
66866	0
68724	0
70200	0
71622	0
72468	0
72569	0
75108	0
77171	0
78569	0
78586	0
79396	0
82912	0
83883	0
84873	0
85889	0
9117	0
