58476	7.643928343296681
26061	5.073140014215325
12767	4.808162758272691
12769	4.224913447152947
11922	4.023653484131633
78836	2.936346699785801
82227	2.788237528398299
86912	2.601394329434133
86929	2.601394329434133
48805	2.587551152382983
73038	2.5641113928379737
28662	2.043443890137739
29908	2.043443890137739
57914	2.0186348380045396
33172	1.9506921182008594
24515	1.8614277402981136
76635	1.6692304103291578
33203	1.5694784950934784
9790	1.4985863790731058
65414	1.390287667739407
25096	1.3839749512197184
26611	1.211973403009218
47516	1.1866167656820847
53502	1.1857636432819034
9479	1.1442198230955676
61689	1.1259726289039675
64645	0.9875523353440887
65036	0.9875523353440887
65446	0.9875523353440887
4358	0.9595978580781728
56829	0.8240989922052144
16922	0.7552707795386294
20201	0.6494543372888961
29911	0.6494543372888961
29894	0.6021731850955199
3972	0.5920642169317829
41541	0.5819261597493898
24485	0.5453707626186601
70306	0.48996265126295535
13345	0.4855797482407243
54762	0.44963039878070393
41594	0.4317842674553966
19781	0.42342063905338967
20156	0.42342063905338967
16954	0.3964226158756297
4933	0.3769638539799452
11481	0.3733692144081597
16575	0.3575050920842606
22751	0.28421208204306514
73706	0.28171682148763044
73762	0.28171682148763044
79759	0.28171682148763044
11979	0.19571604738238013
68909	0.19571604738238013
6735	0.17875254604213034
11485	0.17200154821050054
78982	0.17200154821050054
38442	0.13920855701032453
4310	0.10581644224973336
11923	0.08600077410525026
11930	0.08600077410525026
29904	0.08600077410525026
30486	0.08600077410525026
10182	0
11083	0
11960	0
12479	0
12812	0
12825	0
13313	0
13314	0
13320	0
13332	0
13335	0
13342	0
14707	0
14713	0
15077	0
15082	0
15200	0
16390	0
16897	0
16899	0
17517	0
17587	0
17609	0
17619	0
19033	0
19599	0
19601	0
19615	0
19634	0
20127	0
20133	0
20160	0
20199	0
20688	0
20705	0
20766	0
21895	0
22690	0
22858	0
23377	0
24490	0
24550	0
25100	0
25103	0
25205	0
25699	0
26080	0
26603	0
27384	0
27386	0
27870	0
28657	0
29314	0
29906	0
29913	0
29920	0
29935	0
30456	0
32366	0
3265	0
33188	0
33668	0
35396	0
36447	0
37078	0
3827	0
3828	0
3833	0
3834	0
3835	0
3837	0
39349	0
3976	0
4306	0
4395	0
44163	0
4439	0
44758	0
44865	0
46736	0
47551	0
4881	0
49815	0
49856	0
49884	0
51210	0
53469	0
53523	0
53682	0
54745	0
54780	0
5862	0
58755	0
64626	0
64657	0
64664	0
6497	0
6498	0
6503	0
65306	0
6534	0
65364	0
65394	0
66107	0
6635	0
6636	0
67280	0
67861	0
68419	0
70668	0
71001	0
7115	0
7118	0
71368	0
73320	0
73598	0
73614	0
73641	0
73746	0
7502	0
75563	0
76675	0
76690	0
76766	0
77310	0
79021	0
7937	0
81494	0
81731	0
8327	0
8333	0
8455	0
85372	0
9358	0
9703	0
9726	0
