24350	3.626987503923517
24827	3.626987503923517
83913	3.593352248628175
83332	3.5051413080002436
72821	2.53780171758424
72826	2.3647220737216488
72899	2.223517865890001
43886	2.155984801618743
86751	2.1220657045065625
16900	1.8271970504985027
83946	1.5092086456800877
55197	1.3301470355276286
46494	1.1486656738866228
73475	1.1265255947587969
9660	1.0503144843521424
20126	0.808339335497468
85393	0.7635628714767853
76669	0.6583147432075699
67535	0.49145081771930144
58143	0.18148136164100576
11342	0
11360	0
11669	0
15746	0
16655	0
16727	0
21791	0
22696	0
22875	0
24499	0
3142	0
31459	0
35148	0
41297	0
44081	0
46509	0
47225	0
49804	0
51258	0
55879	0
58426	0
58611	0
63773	0
64275	0
64685	0
67400	0
71186	0
72895	0
73037	0
75465	0
75487	0
75590	0
75593	0
75714	0
78782	0
81788	0
82198	0
82927	0
83185	0
83266	0
83268	0
83312	0
83336	0
83339	0
83364	0
83427	0
83428	0
8369	0
83880	0
83958	0
86881	0
9413	0
