21511	3.9353679762144784
19285	2.7604019203166033
65604	2.388832317686406
61262	1.9678853024128862
46194	1.7305402633924125
14377	1.700488124580135
25328	1.6579671252875188
30653	1.557911322346205
12109	1.5298924025460652
78418	1.1764774706769299
4528	0.9816626320081073
69236	0.9474262010536401
13147	0.3652628975362448
79951	0.22004795158369334
75278	0.13005588924055
74036	0.08160710312157193
9981	0.0544047354143814
53830	0.051199968391374306
79988	0.04215794714789012
20350	0.0314753904045334
2725	0.0314753904045334
7225	0.027202367707190644
11302	0
2345	0
2346	0
2415	0
4546	0
57243	0
65633	0
68716	0
68718	0
74846	0
78447	0
