36308	3.030471168601778
65019	2.867138407254937
35105	2.833572594173764
62314	2.3114224291460985
63279	2.0113161601651486
82059	1.539579194736885
41275	1.2274968975487075
63311	0.8632441051906422
13902	0.7407055517221169
63307	0.7074390715708678
34033	0.5671209179747454
26074	0.42178982589198827
64393	0.3474031155035512
67199	0.20784030546576093
62324	0.043011814300439766
51080	0.035793048264002314
51082	0.035793048264002314
65942	0.035793048264002314
68177	0.028306920522511603
13151	0
28125	0
38614	0
51488	0
52752	0
71547	0
82567	0
