23536	5.041553284933287
5410	3.927457216926171
5418	3.927457216926171
58748	1.6267054994908676
83201	1.1387121268660776
70466	1.1044404254567985
78115	0.993621861491061
5166	0.9901187937065102
53046	0.9480488858713478
81350	0.9065795389187771
59464	0.6631668308577248
78269	0.583482507168814
12858	0.3160162952904492
85553	0.3160162952904492
38350	0.09556373543443636
85601	0.06370915695629087
22002	0.031854578478145434
27128	0.031854578478145434
27209	0.031854578478145434
39944	0.031854578478145434
78125	0.024763264970290133
13348	0
13364	0
14376	0
15927	0
16894	0
17276	0
18246	0
18250	0
19797	0
22021	0
22961	0
27966	0
30217	0
31141	0
34745	0
38383	0
39961	0
41121	0
42641	0
47596	0
48882	0
54208	0
54214	0
54220	0
54467	0
6104	0
61149	0
64800	0
6635	0
68028	0
68780	0
69471	0
73326	0
7937	0
83304	0
8620	0
